1	6	0.28764
1	14	0.18709
1	16	0.5285
1	27	0.27843
1	28	0.44886
1	36	0.039385
1	82	0.93761
1	84	0.11809
1	93	0.52399
1	111	0.78265
1	128	0.32553
1	162	0.61887
1	173	0.075559
1	197	0.03913
1	209	0.074436
1	216	0.85048
1	224	0.81009
1	231	0.31774
1	248	0.72277
1	249	0.8482
1	250	0.061623
1	273	0.66344
1	287	0.82294
1	289	0.10436
1	300	0.09373
1	303	0.59757
1	305	0.64436
1	331	0.071074
1	345	0.95671
1	347	0.11343
1	351	0.0043099
1	353	0.63078
1	368	0.85188
1	383	0.44613
1	387	0.87419
1	406	0.81919
1	411	0.1774
1	445	0.11384
1	489	0.4534
1	492	0.93261
1	496	0.6486
1	497	0.030426
1	499	0.99471
1	511	0.5715
1	528	0.81529
1	534	0.31581
1	539	0.11269
1	540	0.058613
1	549	0.87889
1	565	0.076538
1	577	0.50506
1	591	0.17105
1	602	0.091002
1	605	0.082694
1	616	0.25448
1	623	0.59097
1	624	0.27836
1	628	0.23316
1	629	0.20574
1	647	0.31682
1	668	0.94084
1	671	0.36719
1	693	0.036181
1	698	0.29249
1	706	0.84947
1	733	0.4735
1	783	0.51272
1	805	0.21433
1	816	0.92374
1	829	0.16551
1	855	0.2861
1	872	0.0040095
1	885	0.43625
1	898	0.38448
1	907	0.99204
1	909	0.26294
1	925	0.20556
1	926	0.094771
1	946	0.13894
1	953	0.92946
1	993	0.80938
2	2	0.63122
2	8	0.028491
2	26	0.49574
2	47	0.18373
2	52	0.61437
2	55	0.37841
2	65	0.63301
2	82	0.84714
2	84	0.75136
2	93	0.37548
2	99	0.68803
2	128	0.05267
2	135	0.80506
2	149	0.72517
2	151	0.035639
2	154	0.50173
2	174	0.9281
2	180	0.248
2	196	0.92113
2	223	0.15194
2	300	0.22985
2	313	0.8359
2	314	0.78243
2	329	0.69991
2	335	0.84789
2	341	0.12964
2	345	0.16147
2	383	0.20168
2	387	0.53215
2	393	0.87748
2	408	0.58785
2	410	0.32585
2	411	0.68572
2	429	0.075487
2	495	0.28718
2	512	0.59274
2	526	0.17319
2	537	0.21098
2	560	0.89149
2	562	0.87796
2	570	0.18556
2	576	0.30175
2	613	0.3493
2	620	0.177
2	631	0.1799
2	640	0.78145
2	672	0.67622
2	674	0.53955
2	678	0.62131
2	693	0.26226
2	695	0.31218
2	720	0.85371
2	730	0.05909
2	743	0.33636
2	758	0.94249
2	762	0.13024
2	766	0.75643
2	779	0.066598
2	790	0.94801
2	794	0.65367
2	802	0.10325
2	803	0.40027
2	809	0.57021
2	814	0.63199
2	821	0.26977
2	828	0.74009
2	832	0.37375
2	846	0.77298
2	857	0.74274
2	862	0.94398
2	868	0.097803
2	879	0.31935
2	882	0.00061099
2	884	0.49793
2	896	0.96837
2	898	0.024041
2	910	0.49993
2	915	0.41624
2	918	0.82718
2	933	0.71872
2	936	0.041973
2	945	0.76457
2	951	0.18303
2	954	0.59606
2	966	0.59953
2	975	0.84732
2	984	0.85938
2	995	0.15314
3	4	0.55988
3	13	0.23605
3	32	0.59087
3	36	0.89351
3	42	0.65097
3	49	0.50389
3	60	0.64439
3	61	0.75926
3	66	0.32892
3	87	0.54818
3	101	0.76166
3	132	0.15148
3	159	0.91553
3	179	0.7363
3	182	0.90863
3	203	0.60888
3	215	0.62559
3	218	0.35769
3	225	0.88555
3	235	0.26391
3	245	0.10462
3	282	0.32481
3	287	0.52529
3	295	0.18099
3	318	0.541
3	343	0.2931
3	351	0.96499
3	353	0.35107
3	361	0.4333
3	368	0.84506
3	378	0.34033
3	401	0.65162
3	402	0.5274
3	418	0.067469
3	422	0.30256
3	427	0.494
3	428	0.66842
3	434	0.99631
3	435	0.63541
3	441	0.77109
3	480	0.25855
3	484	0.19888
3	490	0.23863
3	517	0.51919
3	527	0.61869
3	530	0.099882
3	568	0.40624
3	584	0.97119
3	589	0.65055
3	600	0.78291
3	612	0.079982
3	615	0.48056
3	642	0.06652
3	656	0.43464
3	696	0.54613
3	706	0.85728
3	716	0.39221
3	728	0.82937
3	746	0.25858
3	761	0.050662
3	769	0.91398
3	833	0.7087
3	838	0.68363
3	839	0.76026
3	868	0.030832
3	886	0.62013
3	893	0.51674
3	915	0.57099
3	918	0.57993
3	939	0.20997
3	942	0.82702
3	978	0.31836
3	984	0.44252
3	988	0.1839
4	18	0.70918
4	67	0.01823
4	72	0.55747
4	91	0.54833
4	117	0.0097311
4	145	0.45227
4	148	0.33611
4	175	0.34743
4	211	0.43625
4	215	0.38562
4	370	0.62755
4	435	0.70689
4	436	0.23985
4	442	0.69335
4	460	0.19507
4	494	0.43782
4	560	0.65431
4	622	0.19529
4	637	0.77454
4	660	0.064769
4	676	0.030503
4	683	0.99817
4	753	0.69379
4	775	0.94837
4	854	0.88791
4	936	0.96237
4	950	0.10066
5	12	0.39974
5	13	0.55993
5	16	0.51727
5	19	0.29223
5	39	0.92161
5	57	0.40301
5	72	0.90937
5	73	0.48359
5	79	0.40913
5	80	0.69906
5	84	0.84015
5	93	0.19082
5	119	0.86644
5	132	0.61676
5	147	0.44225
5	150	0.65396
5	171	0.11844
5	182	0.71203
5	222	0.10294
5	226	0.56721
5	248	0.73733
5	283	0.91897
5	291	0.87961
5	292	0.37025
5	363	0.70904
5	381	0.38078
5	385	0.44511
5	389	0.23199
5	397	0.5839
5	402	0.014234
5	417	0.40855
5	428	0.38337
5	442	0.14365
5	455	0.73985
5	463	0.32479
5	465	0.38294
5	467	0.98905
5	471	0.623
5	483	0.40398
5	488	0.23231
5	490	0.96562
5	494	0.14481
5	496	0.40102
5	498	0.53205
5	516	0.10095
5	519	0.58078
5	532	0.10449
5	542	0.59587
5	546	0.47811
5	600	0.81629
5	603	0.5737
5	615	0.21062
5	622	0.43105
5	640	0.43279
5	646	0.87123
5	669	0.747
5	673	0.39664
5	690	0.16646
5	695	0.54183
5	706	0.020255
5	716	0.12034
5	743	0.63411
5	746	0.48479
5	770	0.99483
5	775	0.65897
5	776	0.97233
5	781	0.8807
5	784	0.70458
5	790	0.083358
5	794	0.44178
5	795	0.00052199
5	804	0.67862
5	813	0.77484
5	848	0.91188
5	854	0.35425
5	859	0.54383
5	871	0.65316
5	876	0.17754
5	887	0.98479
5	890	0.0027325
5	905	0.19577
5	913	0.46825
5	934	0.55689
5	946	0.2541
5	951	0.99496
5	954	0.44664
5	970	0.055288
5	984	0.69643
5	988	0.23766
5	989	0.29969
5	993	0.25605
6	146	0.0739
6	251	0.38718
6	283	0.95467
6	415	0.024173
6	540	0.59134
6	632	0.88438
6	667	0.5819
6	732	0.71632
6	757	0.71658
7	13	0.97958
7	26	0.30746
7	41	0.93188
7	43	0.79949
7	120	0.93741
7	128	0.61928
7	168	0.36781
7	185	0.4093
7	239	0.71957
7	276	0.63328
7	297	0.57363
7	300	0.81443
7	316	0.14637
7	360	0.26638
7	368	0.37448
7	373	0.10306
7	376	0.73937
7	409	0.32602
7	415	0.59541
7	433	0.89189
7	454	0.2879
7	487	0.74153
7	507	0.47657
7	577	0.41475
7	578	0.82769
7	610	0.52445
7	635	0.47624
7	644	0.86079
7	655	0.13066
7	686	0.12457
7	697	0.13217
7	842	0.65271
7	860	0.97823
7	888	0.58863
7	901	0.41723
7	902	0.0089615
7	947	0.89584
7	971	0.97529
8	5	0.55187
8	12	0.74276
8	19	0.27242
8	33	0.38635
8	77	0.75361
8	79	0.49347
8	82	0.66518
8	94	0.90187
8	96	0.33429
8	110	0.29557
8	142	0.6181
8	151	0.18248
8	165	0.21215
8	172	0.80635
8	200	0.10872
8	203	0.67731
8	212	0.19488
8	250	0.37179
8	254	0.53972
8	258	0.25114
8	264	0.71915
8	268	0.32116
8	270	0.037639
8	274	0.81186
8	288	0.04531
8	292	0.29752
8	300	0.30392
8	303	0.53639
8	305	0.1202
8	313	0.79527
8	338	0.50255
8	350	0.22799
8	366	0.83128
8	368	0.11344
8	383	0.99932
8	391	0.7583
8	395	0.51846
8	403	0.47662
8	411	0.27251
8	412	0.96316
8	417	0.31945
8	434	0.45295
8	446	0.53322
8	452	0.78338
8	463	0.41234
8	475	0.9098
8	476	0.12065
8	480	0.87247
8	489	0.65139
8	491	0.4315
8	498	0.13716
8	507	0.018417
8	519	0.36574
8	522	0.017309
8	524	0.47144
8	526	0.13166
8	550	0.84485
8	564	0.95741
8	570	0.19613
8	609	0.73774
8	623	0.055588
8	648	0.51449
8	649	0.11878
8	682	0.64265
8	688	0.16266
8	702	0.061672
8	727	0.5585
8	741	0.14438
8	751	0.36828
8	753	0.20119
8	763	0.00018024
8	771	0.81
8	772	0.90307
8	775	0.44065
8	777	0.36583
8	789	0.36481
8	820	0.28787
8	823	0.83509
8	830	0.97588
8	832	0.21429
8	833	0.66601
8	834	0.44075
8	844	0.41279
8	864	0.84655
8	867	0.50236
8	882	0.22902
8	883	0.71204
8	886	0.43218
8	888	0.41595
8	892	0.93127
8	893	0.14712
8	902	0.019838
8	910	0.42402
8	922	0.9468
8	955	0.73077
8	962	0.31191
8	975	0.15508
8	987	0.98911
8	997	0.8529
8	999	0.6736
9	15	0.68313
9	97	0.97532
9	174	0.66892
9	187	0.69743
9	205	0.2475
9	209	0.87253
9	267	0.77657
9	268	0.14008
9	289	0.25278
9	365	0.55708
9	372	0.50985
9	429	0.97601
9	641	0.77991
9	652	0.24295
9	691	0.08868
9	697	0.80345
9	735	0.70319
9	750	0.92565
9	751	0.40248
9	798	0.25517
9	898	0.73993
9	900	0.40561
9	941	0.53923
9	969	0.15875
9	986	0.96961
9	987	0.56556
9	997	0.13014
10	16	0.42653
10	18	0.46459
10	54	0.13412
10	66	0.091748
10	88	0.48175
10	114	0.93029
10	193	0.44711
10	262	0.31074
10	271	0.2442
10	338	0.94026
10	341	0.3427
10	345	0.86896
10	348	0.9302
10	360	0.33745
10	377	0.27117
10	405	0.52612
10	448	0.59875
10	458	0.56463
10	473	0.12415
10	479	0.56701
10	488	0.47283
10	499	0.26971
10	503	0.98395
10	534	0.21299
10	555	0.24995
10	603	0.95112
10	618	0.74307
10	638	0.51166
10	648	0.45511
10	668	0.30853
10	682	0.71328
10	692	0.90812
10	694	0.44461
10	699	0.77446
10	706	0.56806
10	718	0.10554
10	738	0.40542
10	750	0.33598
10	775	0.2591
10	797	0.46599
10	820	0.57579
10	825	0.85437
10	829	0.028681
10	861	0.73412
10	889	0.23143
10	915	0.78091
10	918	0.67822
10	921	0.16259
10	922	0.25003
10	929	0.97538
10	933	0.77188
10	948	0.84787
10	973	0.36965
10	996	0.67677
11	27	0.23151
11	31	0.94445
11	34	0.64006
11	44	0.50948
11	91	0.62169
11	135	0.49716
11	173	0.61134
11	174	0.11098
11	217	0.23648
11	245	0.017453
11	263	0.82681
11	326	0.49261
11	347	0.51255
11	358	0.22621
11	369	0.18239
11	372	0.92194
11	455	0.94529
11	554	0.55597
11	555	0.62455
11	561	0.62569
11	564	0.29231
11	585	0.90108
11	617	0.02006
11	631	0.16829
11	654	0.54271
11	668	0.10531
11	761	0.039088
11	771	0.32264
11	780	0.92088
11	781	0.70475
11	852	0.6388
11	859	0.086381
11	863	0.2304
11	878	0.32121
11	885	0.40938
11	888	0.10655
11	917	0.71617
11	943	0.83403
11	976	0.70656
11	981	0.74468
11	982	0.73651
11	983	0.012368
11	986	0.58364
11	988	0.69575
12	58	0.38156
13	55	0.84033
13	66	0.16168
13	76	0.37281
13	79	0.61774
13	84	0.19333
13	121	0.45875
13	175	0.74462
13	265	0.80242
13	275	0.68813
13	284	0.35153
13	288	0.5345
13	296	0.30091
13	305	0.97747
13	321	0.44266
13	335	0.28378
13	343	0.67644
13	351	0.47125
13	364	0.7522
13	396	0.29004
13	403	0.75927
13	446	0.70155
13	464	0.58901
13	488	0.29043
13	513	0.087412
13	519	0.22385
13	551	0.86859
13	562	0.20206
13	613	0.034047
13	638	0.83219
13	652	0.11951
13	681	0.75266
13	682	0.72624
13	685	0.44014
13	690	0.3664
13	695	0.20393
13	697	0.83181
13	726	0.55788
13	746	0.9212
13	786	0.75535
13	796	0.80867
13	798	0.61672
13	826	0.67834
13	852	0.98687
13	886	0.014542
13	894	0.2306
13	905	0.33099
13	933	0.24739
13	946	0.46637
13	963	0.17156
13	991	0.9469
13	996	0.36228
13	1000	0.085768
14	20	0.11316
14	22	0.13395
14	24	0.15284
14	50	0.52378
14	92	0.49844
14	103	0.5656
14	117	0.44303
14	137	0.41837
14	144	0.79824
14	154	0.38766
14	160	0.57786
14	161	0.35553
14	162	0.45555
14	164	0.39689
14	169	0.14802
14	172	0.15922
14	184	0.020737
14	216	0.46638
14	225	0.53084
14	234	0.54678
14	250	0.042172
14	255	0.81156
14	265	0.65374
14	268	0.59296
14	283	0.72071
14	291	0.39698
14	324	0.21494
14	328	0.6267
14	337	0.82009
14	347	0.57035
14	354	0.70447
14	356	0.72337
14	359	0.63907
14	362	0.5459
14	383	0.12753
14	396	0.016757
14	398	0.57444
14	401	0.40465
14	405	0.91793
14	408	0.11629
14	411	0.55262
14	415	0.24509
14	438	0.17604
14	441	0.92751
14	448	0.12354
14	456	0.80214
14	484	0.33984
14	496	0.10636
14	506	0.35623
14	514	0.86418
14	556	0.36022
14	579	0.93205
14	581	0.75284
14	582	0.64393
14	595	0.90792
14	605	0.3343
14	615	0.39939
14	626	0.69666
14	648	0.24416
14	677	0.31623
14	720	0.7073
14	723	0.52929
14	735	0.98005
14	736	0.36548
14	743	0.61984
14	746	0.88027
14	748	0.53293
14	757	0.12471
14	758	0.81038
14	772	0.44232
14	774	0.42902
14	780	0.14549
14	800	0.22138
14	803	0.37865
14	807	0.62874
14	842	0.69312
14	865	0.34697
14	867	0.71241
14	871	0.21598
14	878	0.61432
14	880	0.47546
14	882	0.34085
14	883	0.74487
14	885	0.66967
14	899	0.55715
14	921	0.72781
14	924	0.93524
14	928	0.26352
14	938	0.18929
14	943	0.27037
14	949	0.14827
14	962	0.16436
14	971	0.79936
14	978	0.22624
14	979	0.066848
14	986	0.20016
14	997	0.91716
15	25	0.28535
15	67	0.32082
15	73	0.92693
15	130	0.81584
15	141	0.83133
15	155	0.9274
15	172	0.76325
15	207	0.71194
15	267	0.011717
15	341	0.3758
15	402	0.93816
15	484	0.51169
15	503	0.37684
15	506	0.5817
15	516	0.077073
15	518	0.42355
15	539	0.75317
15	540	0.55577
15	565	0.14623
15	623	0.19455
15	765	0.94547
15	782	0.77349
15	790	0.77887
15	823	0.54878
15	852	0.69102
15	879	0.41726
15	933	0.70826
15	935	0.66303
15	940	0.053922
15	992	0.78957
15	999	0.29066
16	8	0.48905
16	10	0.087004
16	72	0.72926
16	159	0.33231
16	328	0.45673
16	427	0.47537
16	445	0.477
16	581	0.37771
16	742	0.99929
16	766	0.64941
16	825	0.059951
16	979	0.18074
17	57	0.77718
17	193	0.40733
17	201	0.35105
17	212	0.88889
17	214	0.050381
17	239	0.48454
17	245	0.80997
17	247	0.44467
17	264	0.54404
17	369	0.46743
17	399	0.1244
17	421	0.25009
17	445	0.44573
17	453	0.18848
17	454	0.64648
17	490	0.23293
17	510	0.13831
17	539	0.051731
17	543	0.77231
17	551	0.70702
17	557	0.61785
17	599	0.54393
17	632	0.032246
17	659	0.57146
17	712	0.9596
17	726	0.82974
17	729	0.39205
17	734	0.81143
17	746	0.91092
17	748	0.81055
17	788	0.32224
17	800	0.65747
17	818	0.10995
17	846	0.82726
17	870	0.57181
17	903	0.27316
17	984	0.095016
17	991	0.225
17	992	0.13791
18	56	0.38619
18	61	0.8705
18	75	0.73889
18	156	0.9611
18	206	0.83457
18	428	0.40109
18	444	0.50524
18	616	0.64638
18	617	0.77397
18	626	0.9138
18	635	0.70311
18	641	0.62357
18	646	0.96811
18	683	0.078827
18	712	0.19524
18	772	0.75259
18	886	0.53057
18	909	0.9022
18	935	0.48456
19	18	0.09077
19	23	0.33138
19	32	0.77629
19	36	0.82783
19	48	0.055975
19	57	0.30575
19	60	0.8215
19	99	0.52025
19	102	0.73594
19	113	0.41448
19	122	0.23343
19	137	0.14508
19	146	0.27843
19	161	0.28136
19	168	0.41835
19	173	0.031714
19	179	0.42689
19	211	0.053454
19	221	0.93759
19	222	0.94361
19	224	0.57152
19	233	0.77053
19	237	0.2909
19	253	0.093317
19	266	0.87145
19	299	0.3498
19	306	0.66208
19	308	0.35926
19	325	0.165
19	330	0.61287
19	332	0.081243
19	352	0.94785
19	356	0.62541
19	361	0.27957
19	380	0.49954
19	383	0.6993
19	386	0.79345
19	389	0.51044
19	398	0.086466
19	400	0.67152
19	413	0.30458
19	416	0.95132
19	418	0.54126
19	458	0.14053
19	461	0.91355
19	468	0.057241
19	469	0.31296
19	486	0.22829
19	500	0.86643
19	501	0.87122
19	515	0.86217
19	523	0.23489
19	530	0.35908
19	533	0.50145
19	547	0.54779
19	549	0.48008
19	552	0.83612
19	559	0.19814
19	561	0.13633
19	612	0.033477
19	615	0.78383
19	617	0.79388
19	618	0.65331
19	620	0.69202
19	622	0.042147
19	631	0.93463
19	633	0.59875
19	637	0.13942
19	657	0.76709
19	662	0.61591
19	680	0.57739
19	685	0.50699
19	690	0.83136
19	714	0.34223
19	722	0.87851
19	751	0.31011
19	764	0.68282
19	775	0.0049656
19	785	0.33704
19	789	0.45739
19	807	0.28949
19	814	0.76902
19	820	0.13504
19	846	0.85204
19	854	0.78837
19	858	0.68197
19	865	0.38863
19	866	0.86721
19	887	0.18136
19	898	0.21254
19	920	0.96241
19	925	0.43378
19	929	0.59556
19	941	0.75455
19	951	0.6923
19	952	0.44393
19	953	0.61575
19	997	0.1672
20	5	0.71507
20	10	0.9456
20	50	0.74492
20	132	0.56113
20	142	0.14536
20	146	0.63409
20	169	0.62757
20	192	0.84827
20	198	0.9028
20	209	0.1214
20	236	0.079647
20	249	0.54155
20	253	0.84345
20	266	0.054924
20	270	0.79765
20	301	0.011873
20	329	0.29538
20	332	0.21978
20	340	0.98009
20	341	0.092657
20	342	0.72165
20	361	0.80576
20	375	0.34443
20	394	0.96104
20	401	0.78753
20	408	0.46323
20	420	0.41239
20	421	0.010954
20	427	0.38194
20	429	0.044886
20	432	0.84253
20	445	0.060565
20	485	0.17306
20	487	0.98879
20	496	0.34202
20	522	0.53391
20	533	0.94076
20	587	0.038341
20	603	0.17407
20	629	0.16987
20	636	0.77716
20	653	0.033992
20	683	0.49037
20	690	0.74696
20	700	0.7667
20	708	0.30645
20	724	0.19702
20	757	0.50136
20	765	0.029427
20	783	0.42884
20	785	0.58227
20	799	0.070604
20	800	0.68211
20	807	0.87222
20	821	0.048825
20	826	0.070446
20	868	0.37033
20	897	0.18223
20	900	0.063153
20	901	0.32663
20	910	0.86057
20	911	0.5952
20	947	0.42041
20	967	0.50202
20	975	0.3502
21	278	0.92597
21	307	0.76068
21	407	0.15801
21	476	0.84703
21	502	0.98135
21	637	0.48685
21	679	0.93263
21	705	0.53265
21	746	0.69984
21	815	0.68441
21	856	0.96194
21	924	0.71454
21	990	0.74202
22	20	0.58884
22	42	0.53025
22	73	0.3434
22	76	0.71542
22	91	0.35059
22	110	0.54317
22	156	0.4687
22	173	0.013046
22	210	0.13113
22	212	0.69698
22	231	0.39959
22	314	0.22083
22	384	0.11192
22	404	0.43168
22	437	0.29896
22	473	0.63924
22	568	0.082598
22	577	0.082275
22	595	0.80251
22	613	0.74036
22	620	0.38608
22	626	0.98605
22	683	0.605
22	701	0.36181
22	800	0.76103
22	880	0.71921
22	886	0.51811
22	967	0.10912
22	975	0.1085
23	9	0.91828
23	29	0.21527
23	73	0.35289
23	89	0.15824
23	125	0.37007
23	156	0.73709
23	193	0.029998
23	242	0.56087
23	296	0.21821
23	523	0.91817
23	530	0.51806
23	602	0.1568
23	616	0.83033
23	635	0.75146
23	641	0.34368
23	675	0.62139
23	716	0.61135
23	873	0.60899
23	931	0.59603
23	963	0.029332
23	966	0.38725
24	4	0.91406
24	5	0.66392
24	23	0.27343
24	42	0.3936
24	61	0.15693
24	64	0.74875
24	76	0.036115
24	82	0.97978
24	89	0.50557
24	98	0.66527
24	101	0.54044
24	116	0.43914
24	133	0.39859
24	137	0.22751
24	143	0.32466
24	145	0.64379
24	162	0.72531
24	164	0.026173
24	195	0.35296
24	211	0.37138
24	215	0.11828
24	239	0.17267
24	248	0.43949
24	259	0.21454
24	261	0.36069
24	269	0.68653
24	296	0.77107
24	297	0.33965
24	303	0.018103
24	306	0.1601
24	309	0.28887
24	317	0.41927
24	318	0.30926
24	334	0.45606
24	336	0.33392
24	354	0.14335
24	355	0.27593
24	381	0.52098
24	394	0.80417
24	442	0.98855
24	450	0.67915
24	460	0.19718
24	469	0.13813
24	483	0.57221
24	490	0.10347
24	508	0.82982
24	534	0.81857
24	540	0.77671
24	544	0.76624
24	547	0.75445
24	553	0.2528
24	554	0.81189
24	560	0.42631
24	561	0.86925
24	564	0.14462
24	575	0.95138
24	580	0.1529
24	585	0.039922
24	595	0.38715
24	603	0.28897
24	616	0.3399
24	618	0.6587
24	638	0.37183
24	657	0.74972
24	666	0.73854
24	684	0.3325
24	713	0.76782
24	721	0.26867
24	724	0.1937
24	731	0.039584
24	742	0.39316
24	765	0.74211
24	769	0.72906
24	791	0.48557
24	801	0.13082
24	802	0.68723
24	803	0.26479
24	805	0.36546
24	821	0.96719
24	827	0.0033806
24	828	0.4214
24	832	0.76507
24	835	0.33237
24	846	0.0095829
24	856	0.88353
24	874	0.89745
24	883	0.08067
24	889	0.7478
24	892	0.018246
24	909	0.080818
24	920	0.2772
24	946	0.67728
24	959	0.31998
24	975	0.041466
24	983	0.66844
25	23	0.77544
25	47	0.46859
25	49	0.62115
25	54	0.68731
25	61	0.16594
25	67	0.27004
25	73	0.50418
25	90	0.206
25	111	0.45248
25	116	0.80424
25	154	0.67277
25	160	0.26457
25	187	0.0175
25	202	0.62446
25	269	0.67299
25	281	0.40091
25	300	0.88597
25	329	0.48235
25	340	0.48058
25	376	0.90905
25	378	0.3141
25	382	0.27839
25	399	0.86118
25	411	0.84682
25	413	0.82245
25	421	0.58787
25	438	0.98424
25	463	0.25059
25	464	0.74963
25	481	0.30843
25	507	0.021156
25	571	0.27432
25	579	0.99145
25	598	0.3788
25	636	0.99206
25	643	0.26179
25	652	0.65029
25	659	0.71698
25	679	0.71724
25	704	0.73641
25	752	0.11026
25	792	0.13528
25	800	0.58561
25	805	0.51441
25	819	0.63514
25	841	0.91369
25	852	0.3583
25	861	0.42809
25	876	0.79649
25	881	0.29662
25	885	0.59694
25	915	0.83388
25	920	0.087297
25	938	0.58739
25	941	0.79169
25	955	0.053574
25	981	0.30365
25	989	0.054924
26	30	0.97529
26	57	0.30504
26	65	0.20843
26	91	0.61562
26	158	0.79374
26	165	0.67219
26	173	0.2152
26	192	0.67803
26	213	0.10419
26	217	0.69424
26	227	0.81085
26	228	0.96573
26	318	0.82915
26	320	0.88113
26	321	0.5704
26	434	0.91928
26	436	0.097397
26	437	0.092042
26	720	0.70216
26	726	0.12772
26	748	0.63361
26	781	0.97815
26	787	0.31706
26	843	0.57031
26	852	0.30287
26	922	0.33677
26	988	0.63053
27	13	0.31446
27	14	0.030914
27	17	0.046257
27	19	0.49717
27	25	0.053717
27	38	0.86872
27	45	0.33438
27	47	0.42339
27	50	0.0028835
27	58	0.40978
27	59	0.69392
27	62	0.42761
27	98	0.22234
27	103	0.87562
27	156	0.85277
27	177	0.32129
27	213	0.38193
27	225	0.23624
27	242	0.93563
27	252	0.16531
27	267	0.62762
27	276	0.14012
27	309	0.15649
27	316	0.86229
27	324	0.1975
27	327	0.96078
27	335	0.36423
27	337	0.0045435
27	347	0.85568
27	360	0.84782
27	371	0.54071
27	378	0.47578
27	382	0.08498
27	400	0.37965
27	412	0.52353
27	416	0.97085
27	428	0.43866
27	440	0.81195
27	442	0.89609
27	455	0.83003
27	457	0.49004
27	461	0.76742
27	462	0.013291
27	473	0.34845
27	476	0.21423
27	481	0.62958
27	486	0.3312
27	511	0.19997
27	512	0.86277
27	513	0.71769
27	535	0.33041
27	570	0.94601
27	572	0.59004
27	579	0.43236
27	586	0.2049
27	609	0.18898
27	618	0.01079
27	622	0.84693
27	638	0.28046
27	639	0.40184
27	651	0.71685
27	696	0.85084
27	772	0.44536
27	774	0.7133
27	780	0.88834
27	784	0.63135
27	787	0.98671
27	789	0.17387
27	810	0.62809
27	813	0.68462
27	840	0.16754
27	846	0.14908
27	861	0.14244
27	874	0.092643
27	885	0.91732
27	917	0.85329
27	919	0.35713
27	923	0.092066
27	927	0.33221
27	928	0.067462
27	929	0.088046
27	930	0.72305
27	953	0.41071
27	954	0.52011
27	961	0.27022
27	973	0.72381
27	992	0.86884
28	9	0.5671
28	13	0.87315
28	26	0.57301
28	49	0.47647
28	192	0.59315
28	363	0.93757
28	405	0.012636
28	422	0.28111
28	426	0.075685
28	455	0.66927
28	478	0.62803
28	515	0.093359
28	597	0.66892
28	758	0.10838
28	829	0.63322
28	898	0.17178
28	942	0.30839
28	946	0.33997
29	13	0.17542
29	29	0.92754
29	34	0.88993
29	71	0.98372
29	77	0.69361
29	78	0.73114
29	94	0.93419
29	105	0.71762
29	151	0.4764
29	164	0.58934
29	188	0.71384
29	190	0.11135
29	192	0.81483
29	219	0.48232
29	220	0.68355
29	225	0.8935
29	227	0.69174
29	256	0.0096491
29	257	0.30258
29	265	0.54746
29	267	0.61827
29	282	0.53502
29	284	0.02137
29	289	0.53632
29	301	0.018578
29	317	0.82237
29	318	0.75125
29	319	0.47088
29	328	0.77028
29	337	0.57909
29	384	0.31939
29	394	0.36429
29	402	0.16727
29	403	0.3659
29	434	0.86132
29	448	0.044629
29	452	0.96203
29	459	0.017565
29	468	0.48786
29	470	0.38198
29	473	0.68656
29	477	0.55735
29	481	0.88846
29	520	0.56943
29	528	0.70714
29	529	0.50649
29	533	0.64764
29	545	0.19437
29	560	0.47533
29	570	0.099151
29	580	0.95106
29	610	0.36749
29	613	0.85684
29	619	0.9791
29	622	0.30717
29	644	0.83777
29	654	0.046142
29	676	0.86849
29	706	0.33562
29	707	0.3013
29	742	0.89534
29	756	0.5194
29	759	0.26054
29	765	0.9409
29	769	0.80774
29	798	0.10101
29	801	0.9859
29	826	0.11586
29	836	0.52387
29	839	0.10325
29	846	0.086141
29	873	0.55755
29	889	0.91831
29	901	0.061185
29	907	0.87951
29	917	0.4915
29	933	0.34141
29	937	0.8232
29	947	0.94672
29	957	0.64952
29	967	0.97781
29	975	0.50576
29	980	0.90456
29	993	0.54457
29	995	0.81929
30	21	0.83424
30	33	0.76424
30	39	0.76569
30	61	0.094798
30	67	0.71075
30	69	0.46315
30	73	0.094203
30	80	0.58461
30	92	0.82083
30	110	0.14552
30	121	0.86694
30	131	0.96962
30	165	0.095612
30	173	0.38793
30	185	0.76943
30	207	0.29492
30	222	0.87588
30	227	0.15291
30	237	0.95053
30	246	0.54616
30	256	0.84099
30	258	0.83052
30	267	0.39128
30	283	0.26306
30	285	0.77361
30	288	0.83317
30	291	0.26932
30	313	0.74736
30	316	0.61617
30	317	0.40655
30	320	0.65509
30	330	0.45696
30	345	0.74925
30	356	0.10342
30	358	0.1604
30	367	0.55603
30	373	0.41515
30	391	0.33179
30	422	0.21473
30	447	0.77185
30	477	0.72746
30	482	0.84173
30	514	0.15228
30	517	0.8162
30	530	0.093611
30	535	0.52766
30	537	0.17087
30	539	0.63567
30	545	0.14655
30	552	0.92143
30	553	0.75729
30	571	0.92902
30	577	0.83729
30	584	0.013048
30	590	0.32323
30	648	0.29079
30	656	0.11513
30	657	0.85028
30	663	0.9789
30	667	0.5311
30	672	0.55189
30	676	0.53658
30	708	0.32607
30	725	0.55205
30	737	0.1793
30	752	0.53366
30	753	0.23547
30	756	0.4514
30	763	0.24352
30	776	0.85551
30	781	0.050707
30	793	0.19265
30	800	0.89412
30	823	0.77632
30	829	0.13421
30	830	0.35693
30	834	0.54664
30	837	0.13586
30	847	0.5612
30	869	0.42161
30	872	0.3771
30	883	0.57539
30	894	0.85436
30	917	0.84553
30	938	0.78915
30	942	0.15017
30	970	0.61613
30	985	0.17596
31	9	0.42048
31	14	0.83915
31	23	0.3939
31	46	0.41093
31	61	0.28077
31	102	0.23808
31	118	0.88342
31	120	0.031945
31	138	0.72938
31	142	0.28853
31	153	0.60584
31	161	0.77226
31	187	0.94862
31	194	0.25522
31	223	0.41486
31	274	0.025017
31	326	0.46906
31	360	0.63012
31	382	0.64233
31	397	0.50316
31	490	0.40438
31	502	0.56616
31	535	0.57639
31	542	0.75452
31	577	0.12114
31	584	0.67305
31	594	0.84776
31	598	0.28212
31	617	0.76498
31	633	0.47719
31	639	0.16739
31	641	0.7671
31	658	0.96077
31	659	0.23792
31	677	0.051349
31	698	0.11
31	703	0.80204
31	706	0.38988
31	708	0.57164
31	717	0.14652
31	740	0.50576
31	763	0.94555
31	792	0.90116
31	861	0.41719
31	866	0.45468
31	971	0.32115
31	990	0.099506
32	40	0.68865
32	46	0.3812
32	79	0.7464
32	108	0.94323
32	201	0.87267
32	258	0.99624
32	268	0.22966
32	277	0.14762
32	292	0.38793
32	297	0.076153
32	306	0.51299
32	341	0.074773
32	361	0.90822
32	386	0.50326
32	446	0.14399
32	449	0.5688
32	450	0.096747
32	475	0.79104
32	485	0.31583
32	511	0.28802
32	515	0.37797
32	517	0.35824
32	579	0.65274
32	585	0.40014
32	621	0.50392
32	650	0.92828
32	657	0.42747
32	668	0.41839
32	670	0.50095
32	701	0.87289
32	708	0.93123
32	709	0.45699
32	726	0.64871
32	759	0.77091
32	772	0.34944
32	777	0.63381
32	782	0.16829
32	792	0.2722
32	804	0.21945
32	881	0.41428
32	896	0.28327
32	901	0.45164
32	908	0.74757
32	977	0.228
33	6	0.17997
33	499	0.30812
33	748	0.93663
33	752	0.2756
33	825	0.85712
33	938	0.49042
33	961	0.1324
34	35	0.79262
34	44	0.82556
34	51	0.5773
34	66	0.78205
34	107	0.3556
34	119	0.032739
34	122	0.85673
34	138	0.33966
34	154	0.39575
34	224	0.77174
34	263	0.9448
34	270	0.12577
34	323	0.65991
34	331	0.076321
34	349	0.43089
34	377	0.94235
34	394	0.60357
34	401	0.062337
34	404	0.26074
34	405	0.70492
34	410	0.94898
34	424	0.32532
34	438	0.41422
34	441	0.68034
34	453	0.0072742
34	488	0.43439
34	494	0.60624
34	500	0.88905
34	505	0.58887
34	522	0.75088
34	526	0.41193
34	552	0.86876
34	563	0.65091
34	593	0.58255
34	601	0.039382
34	607	0.6271
34	622	0.40019
34	635	0.21419
34	650	0.46319
34	662	0.68652
34	669	0.26989
34	688	0.69455
34	751	0.9455
34	760	0.45104
34	762	0.27213
34	763	0.78901
34	785	0.41951
34	804	0.61115
34	825	0.17998
34	846	0.24685
34	848	0.88728
34	870	0.13564
34	873	0.2845
34	884	0.23394
34	893	0.2662
34	908	0.018369
34	927	0.10568
34	939	0.6444
34	954	0.69652
34	963	0.99171
34	988	0.86566
35	118	0.32299
35	632	0.50403
35	795	0.13787
35	812	0.40173
36	6	0.38202
36	33	0.38658
36	115	0.29304
36	128	0.0084945
36	147	0.2316
36	176	0.18468
36	180	0.7573
36	191	0.79476
36	194	0.31146
36	220	0.38873
36	225	0.2339
36	251	0.45526
36	257	0.93903
36	261	0.81846
36	283	0.40871
36	308	0.71609
36	315	0.03169
36	347	0.83384
36	353	0.92884
36	372	0.037862
36	401	0.44465
36	405	0.81025
36	418	0.0725
36	425	0.33447
36	431	0.20768
36	445	0.88258
36	454	0.758
36	456	0.28323
36	457	0.47934
36	486	0.74816
36	490	0.32701
36	500	0.29661
36	503	0.85184
36	520	0.56319
36	521	0.37657
36	549	0.092562
36	563	0.47312
36	577	0.67212
36	590	0.4056
36	598	0.64983
36	632	0.96857
36	661	0.17065
36	675	0.12645
36	684	0.91505
36	718	0.72302
36	719	0.66493
36	749	0.83099
36	750	0.61178
36	779	0.28582
36	784	0.049035
36	797	0.86303
36	803	0.060943
36	829	0.48748
36	839	0.63397
36	869	0.71836
36	892	0.35221
36	941	0.71324
36	945	0.53034
36	961	0.18867
36	965	0.12019
36	969	0.64504
37	269	0.20733
37	271	0.1375
37	379	0.86662
37	418	0.77495
37	444	0.76332
37	529	0.59477
37	597	0.31631
37	600	0.63504
37	690	0.74861
37	838	0.88013
37	839	0.38343
37	847	0.099847
37	976	0.74341
37	997	0.17081
38	15	0.12285
38	41	0.71803
38	46	0.90796
38	81	0.73862
38	84	0.23214
38	97	0.21634
38	100	0.71654
38	104	0.78757
38	107	0.40685
38	110	0.80957
38	111	0.061316
38	116	0.18243
38	126	0.27515
38	143	0.95378
38	151	0.15947
38	154	0.35901
38	157	0.33144
38	162	0.82191
38	188	0.15473
38	213	0.53013
38	214	0.38319
38	219	0.94103
38	228	0.95157
38	258	0.99432
38	316	0.37714
38	342	0.38103
38	374	0.66939
38	403	0.12591
38	405	0.41663
38	427	0.12634
38	433	0.5086
38	463	0.90563
38	517	0.70042
38	530	0.53224
38	541	0.61997
38	582	0.11746
38	583	0.13514
38	585	0.41602
38	586	0.71104
38	606	0.71057
38	610	0.60941
38	619	0.75956
38	631	0.58446
38	639	0.39183
38	643	0.99392
38	649	0.60634
38	662	0.92701
38	672	0.87634
38	678	0.088238
38	687	0.28283
38	712	0.054229
38	727	0.15024
38	734	0.7499
38	739	0.39992
38	761	0.69951
38	763	0.08779
38	773	0.66309
38	781	0.38803
38	789	0.43464
38	814	0.7946
38	826	0.3006
38	827	0.38521
38	833	0.87894
38	848	0.90417
38	853	0.78536
38	862	0.30958
38	876	0.016397
38	878	0.16523
38	893	0.25623
38	895	0.47441
38	902	0.38214
38	903	0.034929
38	905	0.99492
38	906	0.10897
38	934	0.82878
38	957	0.93994
38	1000	0.83452
39	1	0.21068
39	86	0.78801
39	92	0.85869
39	185	0.29987
39	198	0.82455
39	255	0.50087
39	293	0.33443
39	299	0.14656
39	328	0.26277
39	380	0.64976
39	450	0.078808
39	539	0.81102
39	619	0.58545
39	664	0.74918
39	689	0.65059
39	759	0.97156
39	946	0.97776
40	25	0.49023
40	28	0.63509
40	73	0.057087
40	78	0.086333
40	98	0.19232
40	112	0.23992
40	130	0.77064
40	152	0.00099432
40	153	0.049765
40	155	0.81599
40	158	0.13524
40	165	0.32004
40	185	0.205
40	187	0.17765
40	228	0.18318
40	232	0.95771
40	248	0.56023
40	265	0.77368
40	266	0.84574
40	293	0.47769
40	298	0.024397
40	326	0.32485
40	333	0.2098
40	341	0.86665
40	383	0.36953
40	403	0.32355
40	408	0.54837
40	436	0.21032
40	440	0.10339
40	467	0.27244
40	474	0.38858
40	478	0.70522
40	486	0.42955
40	491	0.59388
40	498	0.31194
40	514	0.72771
40	520	0.34432
40	530	0.97365
40	573	0.41291
40	591	0.47959
40	605	0.64207
40	607	0.77164
40	609	0.25965
40	613	0.18236
40	614	0.97804
40	635	0.79959
40	648	0.32608
40	650	0.33302
40	660	0.20635
40	669	0.68097
40	685	0.19659
40	692	0.27729
40	698	0.63594
40	708	0.10198
40	733	0.080684
40	739	0.74271
40	767	0.33494
40	768	0.61625
40	784	0.47518
40	819	0.74941
40	857	0.62671
40	870	0.30056
40	883	0.92999
40	886	0.48986
40	913	0.11067
40	920	0.81642
40	943	0.90526
40	945	0.63235
40	948	0.34009
40	960	0.54793
40	983	0.081994
41	20	0.13553
41	64	0.97152
41	114	0.076893
41	129	0.77269
41	201	0.77255
41	268	0.31508
41	288	0.40887
41	291	0.55258
41	321	0.43497
41	370	0.11792
41	374	0.7647
41	386	0.66183
41	405	0.85949
41	420	0.93447
41	427	0.46983
41	471	0.82389
41	475	0.089338
41	547	0.29963
41	576	0.079201
41	577	0.34916
41	653	0.80923
41	745	0.70024
41	787	0.97551
41	792	0.92566
41	802	0.093932
41	805	0.13519
41	817	0.058124
41	848	0.61336
41	863	0.83025
41	912	0.59438
41	964	0.35959
41	972	0.97224
41	979	0.26303
41	985	0.97267
41	988	0.55061
42	64	0.38469
42	83	0.79603
42	116	0.16187
42	129	0.66596
42	142	0.31694
42	157	0.33583
42	193	0.49621
42	225	0.61336
42	234	0.29539
42	256	0.047195
42	266	0.80078
42	294	0.19967
42	311	0.43797
42	404	0.38385
42	446	0.53992
42	469	0.39471
42	479	0.43135
42	484	0.16017
42	488	0.22012
42	489	0.027149
42	491	0.53248
42	499	0.71641
42	513	0.0031445
42	515	0.37632
42	591	0.2238
42	593	0.92749
42	619	0.36458
42	654	0.88256
42	662	0.10339
42	668	0.023476
42	701	0.027227
42	705	0.16005
42	744	0.64378
42	776	0.78648
42	782	0.35853
42	800	0.45243
42	837	0.38499
42	863	0.89711
42	876	0.94188
42	888	0.22106
42	939	0.78033
42	940	0.45317
42	942	0.52162
42	945	0.94893
42	950	0.17015
43	15	0.65688
43	57	0.0673
43	69	0.61357
43	82	0.23616
43	89	0.53281
43	90	0.18269
43	103	0.98402
43	111	0.69214
43	125	0.29045
43	126	0.6705
43	159	0.57405
43	166	0.8176
43	193	0.25045
43	222	0.2337
43	233	0.26953
43	275	0.21431
43	289	0.97169
43	301	0.94398
43	326	0.89218
43	381	0.03388
43	384	0.30009
43	395	0.34285
43	404	0.21415
43	411	0.98414
43	416	0.30627
43	435	0.70349
43	437	0.4523
43	443	0.94097
43	453	0.37912
43	480	0.88998
43	484	0.24427
43	506	0.096271
43	509	0.2135
43	512	0.4628
43	522	0.81041
43	527	0.64079
43	534	0.55855
43	540	0.67971
43	558	0.32652
43	577	0.454
43	600	0.66541
43	640	0.32392
43	646	0.36893
43	662	0.69426
43	668	0.38965
43	670	0.42766
43	674	0.22187
43	678	0.75249
43	695	0.77491
43	699	0.43578
43	714	0.071449
43	727	0.66448
43	730	0.43125
43	778	0.92829
43	793	0.74644
43	800	0.35986
43	809	0.37646
43	820	0.15339
43	838	0.66415
43	862	0.17885
43	866	0.8826
43	881	0.012159
43	923	0.057589
43	941	0.76975
43	956	0.046277
43	964	0.87632
43	972	0.7688
43	974	0.097644
43	985	0.44556
44	11	0.21098
44	28	0.53914
44	37	0.50796
44	52	0.5506
44	57	0.018758
44	59	0.75618
44	69	0.44075
44	118	0.35013
44	121	0.88387
44	132	0.95987
44	161	0.5801
44	198	0.51199
44	210	0.31487
44	212	0.32426
44	291	0.072139
44	300	0.43448
44	308	0.59376
44	311	0.3455
44	325	0.49701
44	328	0.41044
44	385	0.27811
44	395	0.84351
44	409	0.050843
44	417	0.73275
44	425	0.95045
44	446	0.32418
44	463	0.86568
44	484	0.31797
44	490	0.24246
44	492	0.23645
44	526	0.35566
44	544	0.18432
44	545	0.5643
44	610	0.84334
44	623	0.4485
44	631	0.51584
44	659	0.7206
44	661	0.71886
44	684	0.055654
44	721	0.40133
44	745	0.89119
44	754	0.55103
44	768	0.39955
44	787	0.9859
44	795	0.77845
44	808	0.95116
44	834	0.60604
44	839	0.24223
44	843	0.57167
44	846	0.71584
44	853	0.55519
44	855	0.38904
44	858	0.70533
44	868	0.77881
44	882	0.32453
44	916	0.95011
44	926	0.02415
44	927	0.33031
44	944	0.29919
45	28	0.61358
45	44	0.732
45	91	0.95249
45	112	0.62638
45	118	0.46883
45	165	0.48613
45	264	0.86631
45	268	0.81772
45	269	0.60838
45	283	0.56821
45	284	0.50695
45	296	0.86499
45	309	0.67217
45	310	0.28858
45	321	0.90585
45	353	0.059456
45	363	0.5285
45	364	0.50824
45	380	0.48797
45	393	0.84973
45	414	0.88379
45	417	0.93147
45	421	0.15049
45	432	0.031263
45	446	0.19592
45	467	0.63697
45	485	0.75084
45	495	0.30883
45	496	0.42567
45	523	0.62737
45	527	0.62378
45	572	0.58815
45	580	0.30747
45	629	0.32527
45	630	0.9444
45	634	0.86788
45	668	0.63314
45	682	0.55651
45	685	0.36977
45	686	0.53119
45	694	0.69543
45	701	0.73546
45	737	0.64272
45	742	0.77072
45	767	0.2246
45	775	0.43183
45	781	0.28055
45	799	0.8249
45	801	0.56766
45	809	0.77772
45	812	0.40253
45	813	0.68557
45	820	0.8302
45	822	0.81092
45	826	0.84317
45	833	0.34837
45	864	0.93879
45	866	0.072642
45	876	0.19149
45	884	0.54931
45	900	0.47307
45	909	0.075969
45	910	0.027669
45	935	0.051651
45	951	0.39429
45	952	0.97228
45	955	0.35793
45	957	0.5298
45	963	0.75438
45	974	0.36119
45	986	0.21564
45	997	0.0146
46	6	0.82986
46	25	0.30703
46	46	0.90024
46	102	0.53633
46	105	0.066751
46	106	0.1738
46	109	0.067376
46	131	0.82182
46	137	0.28162
46	174	0.80298
46	181	0.12543
46	184	0.38086
46	188	0.20724
46	211	0.18394
46	225	0.73456
46	251	0.75899
46	275	0.97667
46	289	0.68282
46	293	0.82262
46	308	0.16115
46	310	0.072402
46	336	0.47776
46	342	0.36494
46	350	0.6526
46	353	0.78138
46	368	0.62347
46	378	0.04276
46	385	0.55382
46	397	0.82451
46	400	0.52451
46	402	0.97454
46	407	0.53174
46	416	0.94174
46	437	0.77115
46	446	0.98844
46	451	0.54218
46	500	0.6945
46	505	0.47198
46	517	0.25475
46	555	0.17543
46	563	0.88876
46	571	0.70466
46	609	0.087997
46	623	0.66118
46	637	0.90939
46	643	0.73394
46	658	0.25502
46	674	0.16306
46	695	0.25286
46	706	0.66503
46	745	0.47792
46	754	0.48753
46	776	0.28724
46	797	0.66566
46	813	0.51219
46	819	0.6254
46	834	0.47755
46	839	0.33343
46	850	0.89352
46	858	0.36103
46	899	0.54395
46	928	0.18453
46	929	0.96466
46	938	0.85783
46	945	0.21144
46	974	0.51695
46	985	0.051135
46	990	0.4141
47	21	0.91078
47	98	0.2698
47	117	0.83406
47	146	0.62136
47	198	0.586
47	224	0.62177
47	250	0.35942
47	280	0.47495
47	305	0.31396
47	327	0.066463
47	341	0.24302
47	371	0.60584
47	394	0.43201
47	424	0.43513
47	440	0.094993
47	466	0.059415
47	491	0.87315
47	495	0.16631
47	498	0.14157
47	521	0.65512
47	543	0.085736
47	600	0.77493
47	642	0.52352
47	681	0.24222
47	692	0.12827
47	767	0.12153
47	779	0.045482
47	784	0.79032
47	854	0.078209
47	873	0.46165
47	874	0.85332
47	898	0.65343
47	970	0.80172
47	985	0.98509
48	89	0.20056
48	96	0.4203
48	124	0.049853
48	126	0.28418
48	129	0.089626
48	131	0.04148
48	151	0.3071
48	166	0.83045
48	218	0.010892
48	224	0.85267
48	240	0.34092
48	245	0.35986
48	256	0.39481
48	282	0.67049
48	285	0.13856
48	299	0.39198
48	332	0.31785
48	355	0.82578
48	377	0.10775
48	397	0.93866
48	400	0.41245
48	405	0.77848
48	407	0.43439
48	408	0.18908
48	412	0.079325
48	422	0.90996
48	456	0.3623
48	466	0.87854
48	478	0.52467
48	502	0.42108
48	504	0.889
48	509	0.38131
48	536	0.36632
48	537	0.21856
48	571	0.88618
48	590	0.39781
48	599	0.14217
48	601	0.81595
48	614	0.45931
48	619	0.25914
48	625	0.70362
48	627	0.43962
48	654	0.025883
48	660	0.32168
48	680	0.4291
48	701	0.27246
48	721	0.16012
48	746	0.79143
48	748	0.5477
48	751	0.31045
48	778	0.89532
48	781	0.36626
48	798	0.32902
48	813	0.61476
48	830	0.19605
48	833	0.3272
48	843	0.17735
48	875	0.45833
48	884	0.80097
48	885	0.43543
48	894	0.08303
48	912	0.58177
48	918	0.554
48	919	0.035769
48	928	0.16475
48	935	0.92084
48	940	0.38264
48	951	0.51861
48	956	0.31803
48	975	0.53301
48	992	0.68191
49	16	0.10898
49	53	0.95047
49	69	0.65746
49	77	0.8769
49	85	0.91222
49	86	0.028904
49	94	0.45727
49	145	0.42497
49	156	0.48753
49	184	0.90812
49	190	0.90269
49	197	0.62924
49	219	0.86531
49	232	0.66729
49	261	0.35129
49	298	0.22418
49	320	0.17102
49	347	0.0040479
49	387	0.4887
49	409	0.48063
49	415	0.27736
49	448	0.76698
49	455	0.75541
49	532	0.29979
49	706	0.48363
49	728	0.39923
49	729	0.37866
49	746	0.50795
49	771	0.76768
49	784	0.38683
49	798	0.64259
49	833	0.30676
49	946	0.41256
49	968	0.12122
50	34	0.54246
50	62	0.55284
50	85	0.1378
50	100	0.68438
50	105	0.28787
50	111	0.92004
50	118	0.12372
50	120	0.75687
50	124	0.44367
50	138	0.88817
50	144	0.8493
50	200	0.64957
50	205	0.9732
50	208	0.86397
50	214	0.4733
50	236	0.90671
50	245	0.32527
50	260	0.63684
50	265	0.93571
50	280	0.40407
50	306	0.88574
50	309	0.61703
50	326	0.090247
50	334	0.71962
50	337	0.12666
50	342	0.8532
50	347	0.050885
50	351	0.36184
50	374	0.87328
50	391	0.51526
50	400	0.58703
50	411	0.70077
50	422	0.86298
50	439	0.20979
50	445	0.38527
50	474	0.80069
50	497	0.49623
50	503	0.099189
50	517	0.39545
50	531	0.89774
50	540	0.15247
50	542	0.76356
50	571	0.97788
50	573	0.15638
50	576	0.90533
50	577	0.35462
50	589	0.69133
50	623	0.072577
50	643	0.35731
50	657	0.85859
50	669	0.44968
50	681	0.10495
50	682	0.51618
50	689	0.42129
50	702	0.78177
50	706	0.91531
50	736	0.67743
50	745	0.59166
50	758	0.50176
50	761	0.8614
50	765	0.36759
50	771	0.58825
50	778	0.059062
50	784	0.73791
50	786	0.39538
50	789	0.21676
50	797	0.16259
50	806	0.59619
50	811	0.13764
50	856	0.0098551
50	916	0.82504
50	996	0.18694
51	111	0.90255
51	131	0.91928
51	172	0.55523
51	467	0.3268
51	534	0.91307
51	634	0.43397
51	841	0.78334
51	983	0.23202
52	34	0.486
52	49	0.46992
52	69	0.50051
52	85	0.75793
52	148	0.29339
52	210	0.81408
52	214	0.7029
52	219	0.0051875
52	291	0.1577
52	305	0.65903
52	334	0.85816
52	350	0.3935
52	396	0.69201
52	401	0.98108
52	441	0.91856
52	457	0.51541
52	497	0.63368
52	534	0.38017
52	556	0.090777
52	564	0.23153
52	670	0.084097
52	710	0.98784
52	744	0.46189
52	802	0.76591
52	851	0.74729
53	45	0.49399
53	52	0.08944
53	79	0.84081
53	91	0.64445
53	92	0.0075775
53	116	0.9581
53	149	0.22399
53	190	0.22978
53	195	0.77808
53	212	0.9923
53	249	0.54685
53	261	0.10257
53	265	0.056159
53	288	0.22646
53	289	0.30954
53	316	0.81221
53	336	0.8559
53	349	0.14431
53	396	0.21304
53	397	0.026683
53	407	0.33692
53	447	0.67633
53	503	0.95531
53	542	0.050019
53	561	0.71166
53	567	0.23165
53	593	0.16001
53	598	0.74378
53	637	0.97101
53	669	0.37025
53	690	0.65521
53	692	0.68156
53	695	0.12667
53	698	0.96753
53	702	0.24246
53	715	0.53276
53	748	0.83144
53	759	0.6823
53	790	0.51714
53	836	0.40977
53	844	0.1451
53	889	0.24545
53	890	0.69887
53	915	0.41834
53	923	0.15232
53	930	0.81338
53	980	0.09607
53	986	0.87328
54	8	0.60918
54	29	0.39323
54	73	0.13299
54	74	0.64927
54	75	0.55788
54	105	0.29592
54	121	0.04913
54	141	0.7078
54	150	0.12699
54	170	0.89876
54	185	0.055555
54	228	0.26402
54	249	0.077889
54	296	0.93176
54	387	0.0073303
54	392	0.12714
54	419	0.99914
54	437	0.32291
54	490	0.021409
54	537	0.18299
54	575	0.22422
54	584	0.95577
54	593	0.13193
54	601	0.34974
54	617	0.92067
54	628	0.3957
54	661	0.8779
54	665	0.59999
54	668	0.5238
54	671	0.092441
54	673	0.95632
54	693	0.53769
54	694	0.81103
54	735	0.54209
54	764	0.69966
54	770	0.98627
54	777	0.090131
54	784	0.94938
54	807	0.048659
54	833	0.94965
54	835	0.19311
54	848	0.20163
54	878	0.33818
54	886	0.023182
54	902	0.36442
54	921	0.48846
54	931	0.17657
54	947	0.83093
54	952	0.024942
54	961	0.66733
54	968	0.72774
54	994	0.057534
55	7	0.7892
55	13	0.98912
55	42	0.028383
55	53	0.75597
55	83	0.16501
55	116	0.30699
55	125	0.36394
55	139	0.42626
55	149	0.91193
55	150	0.76302
55	162	0.66157
55	201	0.84534
55	204	0.062101
55	206	0.0066998
55	216	0.067299
55	224	0.079722
55	273	0.89279
55	285	0.29939
55	308	0.11692
55	322	0.14921
55	327	0.7597
55	328	0.40708
55	409	0.62779
55	422	0.076095
55	440	0.70817
55	455	0.89709
55	468	0.25327
55	473	0.90036
55	477	0.16124
55	499	0.89833
55	506	0.68973
55	549	0.96866
55	613	0.40823
55	625	0.92315
55	643	0.32763
55	648	0.053934
55	686	0.63303
55	694	0.19626
55	697	0.025951
55	704	0.58064
55	730	0.50993
55	750	0.63641
55	761	0.81561
55	773	0.79172
55	777	0.41755
55	790	0.27914
55	791	0.65765
55	794	0.52213
55	795	0.040861
55	837	0.67724
55	841	0.27285
55	863	0.36503
55	865	0.80732
55	920	0.95036
55	933	0.3875
55	941	0.97576
55	943	0.099489
55	955	0.92264
55	958	0.0037844
55	966	0.81843
55	967	0.87372
56	41	0.58065
56	45	0.056258
56	50	0.89072
56	52	0.27466
56	56	0.47294
56	64	0.7163
56	88	0.54941
56	99	0.20306
56	100	0.49183
56	101	0.66422
56	147	0.11688
56	153	0.22061
56	157	0.43881
56	162	0.69068
56	183	0.45346
56	191	0.93252
56	216	0.77293
56	234	0.010208
56	242	0.92649
56	248	0.10304
56	249	0.40915
56	286	0.067406
56	287	0.72659
56	301	0.94462
56	306	0.67122
56	317	0.46286
56	337	0.15463
56	361	0.077512
56	366	0.45743
56	374	0.3999
56	385	0.8942
56	393	0.5407
56	402	0.25707
56	433	0.49972
56	438	0.22949
56	439	0.1669
56	443	0.31751
56	453	0.60347
56	485	0.47179
56	488	0.77589
56	511	0.82113
56	533	0.28115
56	565	0.65749
56	595	0.12204
56	617	0.75727
56	619	0.022025
56	625	0.46185
56	633	0.2485
56	649	0.72215
56	670	0.85129
56	701	0.063311
56	722	0.66771
56	724	0.67621
56	727	0.037106
56	729	0.45635
56	745	0.12132
56	761	0.44967
56	794	0.90253
56	807	0.016662
56	817	0.9116
56	821	0.30863
56	838	0.85096
56	843	0.067329
56	844	0.2443
56	864	0.34614
56	880	0.44586
56	882	0.12633
56	883	0.52317
56	895	0.84423
56	915	0.67142
56	917	0.92829
56	938	0.44663
56	957	0.18843
56	969	0.40894
56	970	0.10971
56	971	0.13712
56	985	0.11319
56	986	0.79616
57	1	0.52617
57	6	0.58255
57	8	0.59422
57	12	0.64067
57	14	0.12923
57	22	0.2816
57	38	0.85072
57	39	0.18838
57	45	0.31673
57	58	0.77627
57	66	0.53081
57	76	0.35872
57	91	0.90491
57	95	0.063797
57	115	0.77197
57	124	0.24713
57	140	0.86034
57	156	0.3364
57	157	0.91875
57	185	0.37057
57	217	0.92039
57	219	0.37008
57	222	0.20963
57	228	0.60184
57	237	0.22522
57	266	0.31297
57	286	0.24078
57	301	0.14579
57	305	0.37564
57	315	0.62766
57	316	0.77248
57	318	0.48074
57	334	0.052137
57	351	0.88205
57	379	0.37313
57	409	0.42952
57	419	0.20654
57	427	0.70975
57	429	0.53502
57	430	0.77688
57	436	0.14451
57	442	0.26559
57	451	0.51723
57	456	0.39231
57	460	0.13088
57	471	0.10911
57	481	0.11804
57	486	0.94688
57	496	0.32731
57	529	0.037608
57	537	0.39819
57	546	0.98432
57	547	0.24638
57	562	0.0049724
57	569	0.67004
57	594	0.26766
57	611	0.56588
57	622	0.75909
57	640	0.16866
57	643	0.94424
57	647	0.43496
57	669	0.052289
57	674	0.40266
57	676	0.86305
57	686	0.050192
57	696	0.049031
57	705	0.30858
57	709	0.44199
57	714	0.41857
57	718	0.45499
57	719	0.1911
57	735	0.041239
57	737	0.62846
57	784	0.79634
57	813	0.55984
57	823	0.70587
57	825	0.22837
57	829	0.073966
57	832	0.3984
57	840	0.31562
57	861	0.25222
57	881	0.1315
57	887	0.551
57	893	0.31652
57	895	0.30389
57	910	0.65868
57	957	0.40844
57	969	0.49018
57	970	0.10211
57	971	0.09496
57	974	0.2424
57	976	0.70699
57	989	0.8083
58	32	0.79811
58	50	0.62152
58	52	0.42149
58	67	0.14316
58	69	0.61946
58	74	0.8319
58	85	0.10976
58	90	0.75063
58	98	0.21451
58	105	0.69104
58	115	0.64641
58	121	0.20001
58	134	0.54015
58	158	0.46333
58	160	0.61338
58	166	0.18951
58	209	0.77863
58	217	0.31276
58	230	0.075959
58	239	0.611
58	240	0.25846
58	241	0.7119
58	244	0.93861
58	249	0.72469
58	270	0.54211
58	271	0.89896
58	290	0.74133
58	304	0.48669
58	318	0.57814
58	340	0.89681
58	343	0.04471
58	355	0.12764
58	379	0.10881
58	383	0.47501
58	404	0.84648
58	446	0.73071
58	451	0.62383
58	459	0.99968
58	479	0.86616
58	496	0.061829
58	499	0.17711
58	518	0.753
58	556	0.0060127
58	565	0.74846
58	578	0.7095
58	580	0.31046
58	607	0.97241
58	619	0.59659
58	620	0.44862
58	625	0.80586
58	628	0.4296
58	629	0.21855
58	635	0.35518
58	647	0.59562
58	682	0.63122
58	691	0.22823
58	692	0.018411
58	700	0.67103
58	701	0.56873
58	713	0.08195
58	747	0.95586
58	749	0.82129
58	755	0.056694
58	756	0.95893
58	815	0.69057
58	839	0.23526
58	841	0.51207
58	879	0.95088
58	930	0.97057
58	943	0.77206
58	955	0.049846
58	962	0.52096
58	999	0.57678
59	6	0.8005
59	12	0.4034
59	13	0.38431
59	31	0.2382
59	47	0.33014
59	58	0.51114
59	80	0.93435
59	110	0.35073
59	151	0.95651
59	185	0.36387
59	208	0.50477
59	235	0.23408
59	237	0.75584
59	241	0.79294
59	249	0.077796
59	257	0.92877
59	260	0.79578
59	262	0.58165
59	276	0.069615
59	300	0.64694
59	319	0.17663
59	332	0.17544
59	342	0.44088
59	352	0.20667
59	369	0.81991
59	379	0.77501
59	394	0.46176
59	408	0.91884
59	417	0.7617
59	426	0.54691
59	430	0.21281
59	432	0.5574
59	472	0.11734
59	481	0.95226
59	485	0.76202
59	488	0.42805
59	496	0.5153
59	508	0.27379
59	511	0.0036073
59	512	0.8197
59	516	0.80133
59	527	0.72262
59	547	0.033266
59	581	0.64509
59	582	0.56482
59	615	0.0044268
59	628	0.99188
59	634	0.93366
59	637	0.7516
59	650	0.71228
59	670	0.51459
59	671	0.034859
59	686	0.75732
59	705	0.23556
59	713	0.48353
59	715	0.25857
59	722	0.013188
59	732	0.65305
59	735	0.3977
59	758	0.42169
59	786	0.20454
59	810	0.79355
59	818	0.70941
59	859	0.075897
59	867	0.87077
59	923	0.41715
59	934	0.033345
59	936	0.38867
59	939	0.9068
59	947	0.51955
59	974	0.60744
59	982	0.70994
59	991	0.39126
59	998	0.29274
60	9	0.61209
60	11	0.97638
60	35	0.56379
60	42	0.17771
60	52	0.39217
60	55	0.24818
60	68	0.13532
60	73	0.82733
60	81	0.1277
60	85	0.10366
60	87	0.22543
60	98	0.54744
60	100	0.87644
60	116	0.33201
60	134	0.37058
60	142	0.7861
60	143	0.5001
60	151	0.090406
60	166	0.33693
60	175	0.062946
60	180	0.34989
60	194	0.70482
60	214	0.64742
60	257	0.14338
60	268	0.022702
60	276	0.18866
60	292	0.50204
60	293	0.20669
60	308	0.83597
60	315	0.67296
60	340	0.016772
60	342	0.48234
60	357	0.11847
60	362	0.16788
60	377	0.16153
60	412	0.35306
60	413	0.44989
60	418	0.8423
60	434	0.9126
60	464	0.76269
60	466	0.022688
60	468	0.92661
60	480	0.57238
60	484	0.89572
60	485	0.88464
60	496	0.76781
60	498	0.17761
60	504	0.45944
60	509	0.62261
60	527	0.47082
60	539	0.4933
60	547	0.68789
60	556	0.034159
60	565	0.0912
60	566	0.0024871
60	577	0.82276
60	587	0.61341
60	600	0.4308
60	601	0.93736
60	627	0.026187
60	633	0.1817
60	648	0.42782
60	658	0.22314
60	666	0.68919
60	677	0.3081
60	690	0.45007
60	694	0.14295
60	698	0.81191
60	709	0.9406
60	714	0.013719
60	735	0.44337
60	738	0.55477
60	744	0.32225
60	762	0.87126
60	765	0.14586
60	766	0.94419
60	769	0.58851
60	791	0.65405
60	797	0.16589
60	802	0.65085
60	811	0.96901
60	826	0.84688
60	828	0.53182
60	835	0.53032
60	846	0.46948
60	850	0.75308
60	851	0.92593
60	858	0.89888
60	881	0.35105
60	905	0.85281
60	906	0.74729
60	918	0.2267
60	931	0.84416
60	933	0.22782
60	939	0.7538
60	951	0.40322
60	986	0.34228
60	987	0.14806
60	995	0.25333
61	7	0.55277
61	27	0.5322
61	32	0.32519
61	35	0.73243
61	57	0.30217
61	64	0.21114
61	77	0.15106
61	82	0.099429
61	87	0.18082
61	89	0.83875
61	96	0.3381
61	101	0.75136
61	121	0.90331
61	154	0.51578
61	158	0.42883
61	170	0.22883
61	190	0.37714
61	198	0.99546
61	213	0.28765
61	226	0.13152
61	235	0.51166
61	238	0.73366
61	240	0.31634
61	251	0.063347
61	258	0.86697
61	268	0.65882
61	270	0.14544
61	274	0.64965
61	277	0.19376
61	286	0.90021
61	303	0.98028
61	310	0.53955
61	317	0.26228
61	327	0.44997
61	329	0.0049148
61	331	0.38576
61	345	0.55248
61	347	0.89167
61	352	0.26148
61	370	0.71915
61	405	0.052807
61	427	0.77419
61	441	0.7268
61	450	0.39155
61	454	0.57312
61	475	0.37968
61	496	0.36843
61	505	0.72673
61	518	0.85505
61	538	0.66412
61	545	0.64515
61	561	0.58576
61	589	0.3271
61	600	0.23337
61	630	0.58044
61	637	0.76999
61	639	0.20766
61	649	0.74429
61	667	0.4697
61	685	0.98537
61	696	0.38428
61	699	0.98492
61	714	0.51881
61	724	0.72093
61	746	0.25876
61	748	0.96436
61	768	0.92743
61	772	0.16083
61	785	0.073967
61	799	0.20406
61	800	0.54305
61	820	0.46877
61	822	0.28446
61	826	0.90707
61	827	0.34547
61	861	0.5405
61	877	0.074397
61	894	0.44372
61	915	0.691
61	922	0.065852
61	941	0.56943
61	999	0.45014
62	144	0.01434
62	618	0.58073
63	16	0.22203
63	23	0.088583
63	52	0.19129
63	87	0.99521
63	94	0.0033561
63	112	0.31671
63	144	0.6999
63	167	0.2553
63	179	0.31348
63	183	0.294
63	191	0.5776
63	206	0.42613
63	220	0.52872
63	238	0.91948
63	246	0.037993
63	258	0.42878
63	271	0.11059
63	276	0.22654
63	277	0.1646
63	282	0.46272
63	300	0.34598
63	320	0.76546
63	331	0.79864
63	359	0.63631
63	382	0.25556
63	411	0.0015326
63	415	0.84951
63	423	0.67478
63	440	0.020529
63	445	0.33466
63	449	0.76592
63	498	0.51599
63	539	0.019436
63	550	0.31997
63	594	0.45867
63	622	0.55453
63	642	0.50802
63	643	0.66724
63	656	0.56163
63	662	0.71288
63	675	0.97075
63	685	0.91603
63	715	0.38337
63	729	0.28985
63	739	0.27543
63	741	0.77864
63	761	0.38784
63	786	0.85199
63	796	0.85177
63	797	0.23325
63	826	0.28955
63	854	0.15527
63	859	0.98266
63	877	0.83134
63	881	0.59993
63	915	0.41127
63	951	0.17364
63	957	0.072639
63	959	0.96876
63	963	0.28549
63	971	0.82429
63	972	0.86044
63	995	0.5335
64	11	0.1871
64	24	0.83606
64	35	0.86839
64	36	0.73406
64	39	0.41548
64	54	0.47073
64	62	0.641
64	68	0.75566
64	75	0.90765
64	87	0.27481
64	90	0.36532
64	112	0.77404
64	123	0.63702
64	146	0.047895
64	157	0.29218
64	172	0.54906
64	173	0.90377
64	179	0.70632
64	180	0.98599
64	193	0.3932
64	197	0.56261
64	202	0.28973
64	206	0.23992
64	209	0.71553
64	217	0.51707
64	222	0.025596
64	225	0.90575
64	231	0.21998
64	234	0.26817
64	240	0.80545
64	241	0.063757
64	260	0.19512
64	262	0.43013
64	264	0.02598
64	282	0.6411
64	318	0.025469
64	340	0.57006
64	365	0.32728
64	388	0.9832
64	411	0.68926
64	491	0.22566
64	495	0.32177
64	500	0.35905
64	552	0.82885
64	578	0.30076
64	600	0.59647
64	635	0.51735
64	662	0.53772
64	675	0.36313
64	724	0.50851
64	727	0.51625
64	732	0.69054
64	774	0.9878
64	778	0.73453
64	779	0.70797
64	792	0.62589
64	801	0.44478
64	837	0.42783
64	853	0.488
64	856	0.44738
64	917	0.61942
64	922	0.86368
64	944	0.66322
64	975	0.66411
64	984	0.62884
64	992	0.085603
65	16	0.8477
65	41	0.55796
65	107	0.25648
65	130	0.52378
65	136	0.25461
65	143	0.14056
65	151	0.029917
65	181	0.69138
65	184	0.57254
65	213	0.52958
65	214	0.19446
65	220	0.45317
65	238	0.20943
65	242	0.4773
65	279	0.72453
65	309	0.03887
65	376	0.62843
65	389	0.78872
65	458	0.96775
65	465	0.013024
65	486	0.90596
65	494	0.92432
65	526	0.24927
65	557	0.96639
65	559	0.51873
65	566	0.24084
65	574	0.22293
65	590	0.45316
65	625	0.9703
65	631	0.12957
65	675	0.16116
65	678	0.0087068
65	692	0.66305
65	696	0.14672
65	724	0.20054
65	748	0.27314
65	758	0.21676
65	759	0.58829
65	778	0.14194
65	780	0.30767
65	853	0.49569
65	870	0.0085977
65	871	0.54309
65	891	0.39124
65	921	0.55156
65	964	0.65102
65	979	0.071062
65	982	0.81108
65	991	0.071875
65	999	0.10569
66	6	0.2805
66	25	0.82768
66	33	0.87396
66	50	0.28907
66	53	0.4024
66	55	0.81366
66	58	0.049936
66	73	0.096622
66	75	0.31568
66	81	0.90334
66	101	0.57609
66	104	0.17075
66	106	0.080273
66	130	0.54689
66	135	0.8335
66	140	0.14248
66	141	0.90291
66	149	0.39167
66	172	0.11024
66	184	0.3031
66	185	0.93017
66	187	0.1012
66	190	0.7434
66	191	0.42686
66	195	0.29017
66	208	0.26874
66	227	0.99172
66	232	0.31492
66	239	0.25185
66	262	0.4448
66	284	0.89002
66	286	0.07682
66	290	0.31567
66	299	0.91923
66	303	0.27661
66	304	0.62375
66	309	0.49177
66	316	0.50643
66	334	0.32929
66	338	0.015467
66	357	0.61617
66	367	0.98301
66	383	0.60279
66	416	0.51115
66	422	0.49396
66	453	0.20996
66	456	0.63855
66	461	0.73772
66	463	0.25153
66	478	0.65475
66	501	0.59523
66	518	0.53905
66	520	0.086643
66	547	0.98903
66	565	0.078173
66	567	0.088545
66	570	0.015519
66	586	0.95425
66	592	0.5481
66	597	0.60595
66	600	0.012758
66	605	0.54913
66	616	0.50587
66	641	0.80306
66	643	0.50913
66	694	0.7579
66	714	0.97898
66	730	0.91333
66	734	0.32493
66	754	0.54951
66	757	0.8508
66	787	0.72376
66	795	0.73299
66	804	0.94141
66	811	0.67324
66	813	0.48838
66	818	0.34315
66	829	0.86833
66	830	0.34195
66	831	0.35053
66	839	0.22387
66	846	0.067887
66	849	0.9375
66	862	0.30011
66	871	0.92186
66	882	0.22154
66	883	0.4511
66	884	0.2299
66	891	0.47578
66	900	0.2714
66	901	0.35374
66	918	0.36365
66	928	0.65707
66	954	0.27965
66	974	0.05998
66	975	0.36899
66	988	0.26249
66	990	0.42057
66	997	0.19997
67	2	0.31026
67	16	0.808
67	19	0.32544
67	23	0.49166
67	47	0.96624
67	68	0.0076233
67	69	0.25714
67	83	0.90609
67	92	0.43283
67	100	0.52896
67	118	0.24038
67	122	0.53544
67	125	0.43073
67	127	0.66506
67	130	0.64288
67	136	0.57043
67	151	0.71045
67	153	0.17559
67	164	0.048367
67	180	0.99343
67	192	0.8725
67	208	0.74973
67	235	0.81582
67	265	0.84304
67	267	0.88541
67	278	0.68442
67	287	0.40406
67	289	0.96057
67	291	0.79709
67	296	0.681
67	335	0.92688
67	342	0.42823
67	344	0.4934
67	363	0.45229
67	364	0.011208
67	379	0.94198
67	393	0.78271
67	402	0.96155
67	411	0.5169
67	431	0.85681
67	459	0.64331
67	461	0.15943
67	504	0.56346
67	521	0.94551
67	524	0.98526
67	528	0.40847
67	563	0.94996
67	582	0.59618
67	584	0.34294
67	588	0.97314
67	597	0.45191
67	599	0.28705
67	633	0.39339
67	667	0.98363
67	678	0.12162
67	679	0.39759
67	698	0.71836
67	724	0.71962
67	726	0.68282
67	746	0.51809
67	751	0.077991
67	757	0.57171
67	787	0.38038
67	795	0.78833
67	802	0.73479
67	804	0.043055
67	807	0.57204
67	829	0.32397
67	835	0.41866
67	848	0.19203
67	884	0.20031
67	910	0.48254
67	918	0.23939
67	927	0.17014
67	942	0.93374
67	958	0.68096
67	959	0.75849
67	979	0.476
67	984	0.94372
68	40	0.27808
68	48	0.6737
68	66	0.6074
68	68	0.6284
68	92	0.14871
68	93	0.054996
68	110	0.1267
68	129	0.40139
68	139	0.52332
68	144	0.19865
68	149	0.4659
68	168	0.75841
68	180	0.4114
68	198	0.83385
68	233	0.45595
68	251	0.91271
68	266	0.097347
68	326	0.91925
68	331	0.62062
68	344	0.32797
68	384	0.22898
68	386	0.48293
68	390	0.094504
68	397	0.92103
68	402	0.40068
68	426	0.4439
68	431	0.067067
68	433	0.53575
68	440	0.55404
68	459	0.26069
68	484	0.90954
68	490	0.012073
68	514	0.72531
68	517	0.85652
68	523	0.52305
68	539	0.59265
68	558	0.49587
68	567	0.060924
68	587	0.63955
68	608	0.32056
68	610	0.99312
68	612	0.23743
68	613	0.64779
68	638	0.18225
68	640	0.31377
68	645	0.5447
68	662	0.31986
68	668	0.10306
68	676	0.76075
68	705	0.85846
68	760	0.26027
68	767	0.71298
68	791	0.45756
68	793	0.51576
68	808	0.32678
68	831	0.39729
68	861	0.51668
68	874	0.53599
68	885	0.97304
68	908	0.99149
68	916	0.80406
68	921	0.23519
68	928	0.94464
68	935	0.036609
68	936	0.42454
68	952	0.39472
68	961	0.59349
68	1000	0.94145
69	50	0.79755
69	88	0.16374
69	106	0.21897
69	115	0.019231
69	117	0.75485
69	122	0.41469
69	133	0.40136
69	137	0.81126
69	143	0.034907
69	156	0.68676
69	203	0.25393
69	206	0.31008
69	218	0.48396
69	221	0.8277
69	230	0.43528
69	242	0.31552
69	247	0.70502
69	288	0.53835
69	301	0.13137
69	303	0.76119
69	372	0.41158
69	381	0.75961
69	416	0.16081
69	417	0.66381
69	422	0.098589
69	454	0.77165
69	456	0.022536
69	483	0.28768
69	497	0.70589
69	510	0.81219
69	524	0.72119
69	559	0.82492
69	573	0.88893
69	593	0.3437
69	647	0.4728
69	658	0.67299
69	673	0.11018
69	680	0.13725
69	700	0.83897
69	706	0.39395
69	709	0.83041
69	756	0.021536
69	771	0.97457
69	788	0.10611
69	802	0.71584
69	823	0.95646
69	825	0.836
69	875	0.39802
69	876	0.78163
69	881	0.47152
69	894	0.32632
69	899	0.23838
69	944	0.16829
69	957	0.14046
69	958	0.53245
69	976	0.0071254
70	224	0.076566
70	248	0.49464
70	260	0.029048
70	304	0.53389
70	509	0.36843
70	613	0.17791
70	743	0.24298
70	905	0.56926
71	171	0.6806
71	352	0.86798
71	488	0.9738
71	564	0.4324
71	668	0.78604
71	925	0.59789
71	940	0.65446
72	36	0.95804
72	422	0.80904
72	447	0.29951
72	843	0.22598
72	978	0.1786
72	982	0.38715
72	986	0.24547
73	3	0.35251
73	17	0.83241
73	20	0.013105
73	23	0.65055
73	46	0.98247
73	78	0.26877
73	128	0.66878
73	172	0.099842
73	198	0.77421
73	236	0.0071986
73	334	0.61264
73	342	0.27605
73	346	0.40816
73	355	0.98395
73	361	0.86399
73	362	0.93499
73	373	0.30255
73	375	0.39895
73	404	0.56166
73	428	0.12094
73	439	0.25784
73	445	0.85473
73	450	0.17836
73	470	0.94611
73	483	0.87895
73	509	0.70149
73	528	0.42333
73	533	0.62226
73	545	0.94655
73	569	0.4444
73	580	0.99179
73	595	0.83812
73	620	0.48817
73	667	0.91621
73	726	0.19943
73	732	0.48692
73	759	0.60122
73	783	0.55746
73	798	0.87295
73	804	0.74221
73	822	0.32514
73	838	0.043533
73	879	0.35441
73	891	0.75982
73	893	0.96678
73	916	0.77118
73	937	0.28573
73	943	0.36258
73	949	0.73546
73	990	0.22507
74	4	0.57688
74	9	0.67796
74	36	0.96632
74	44	0.054529
74	50	0.92038
74	53	0.29829
74	64	0.58878
74	88	0.19563
74	89	0.61212
74	92	0.63635
74	103	0.26916
74	104	0.45414
74	144	0.76741
74	173	0.81275
74	178	0.12869
74	196	0.43224
74	203	0.95312
74	209	0.45489
74	219	0.084444
74	223	0.62328
74	226	0.82134
74	231	0.64915
74	249	0.1458
74	253	0.35683
74	254	0.47782
74	257	0.56172
74	269	0.18203
74	275	0.77429
74	277	0.56961
74	285	0.99465
74	293	0.99139
74	307	0.93908
74	321	0.1139
74	344	0.42515
74	348	0.21169
74	354	0.89085
74	365	0.53677
74	406	0.10383
74	407	0.2527
74	425	0.89007
74	450	0.25843
74	462	0.84942
74	477	0.23193
74	485	0.72134
74	489	0.15357
74	503	0.072726
74	507	0.57694
74	516	0.34496
74	523	0.93526
74	528	0.040995
74	538	0.88908
74	541	0.33201
74	544	0.98637
74	547	0.25108
74	557	0.035124
74	558	0.86913
74	584	0.60499
74	606	0.48033
74	611	0.39366
74	613	0.96028
74	636	0.03235
74	670	0.37782
74	677	0.70064
74	686	0.20991
74	705	0.53365
74	711	0.35997
74	712	0.71317
74	748	0.0069389
74	750	0.63957
74	755	0.12625
74	760	0.77454
74	780	0.53736
74	784	0.59317
74	796	0.11931
74	806	0.61183
74	825	0.48931
74	829	0.37865
74	843	0.011429
74	859	0.85968
74	888	0.8913
74	899	0.75442
74	904	0.79982
74	908	0.13356
74	914	0.27461
74	934	0.93699
74	938	0.99558
74	945	0.95166
74	949	0.49966
74	988	0.63017
74	991	0.018054
74	999	0.37216
75	780	0.76932
76	12	0.23342
76	110	0.52128
76	122	0.38137
76	246	0.28099
76	253	0.53307
76	326	0.63765
76	385	0.20157
76	438	0.46255
76	448	0.10546
76	629	0.35384
76	706	0.66812
76	752	0.47029
76	781	0.18728
76	799	0.029658
76	949	0.52434
77	4	0.21366
77	9	0.32921
77	48	0.27468
77	60	0.73255
77	128	0.7074
77	149	0.28685
77	152	0.0064439
77	165	0.30757
77	179	0.34007
77	199	0.44393
77	203	0.19902
77	218	0.36942
77	266	0.74732
77	291	0.31902
77	325	0.97827
77	337	0.95975
77	348	0.84759
77	357	0.58883
77	432	0.10934
77	501	0.19336
77	551	0.49424
77	558	0.089071
77	583	0.92982
77	598	0.86783
77	609	0.68934
77	648	0.32013
77	697	0.29408
77	731	0.60096
77	770	0.26295
77	785	0.3079
77	788	0.28971
77	799	0.89805
77	818	0.91784
77	890	0.51707
77	899	0.49477
77	942	0.88051
77	969	0.6163
77	980	0.1449
77	984	0.11116
78	46	0.952
78	70	0.90975
78	92	0.95679
78	174	0.24062
78	221	0.20972
78	326	0.50287
78	435	0.5345
78	514	0.045839
78	571	0.041313
78	623	0.76334
78	652	0.46817
78	855	0.67989
78	865	0.59658
78	867	0.52882
78	882	0.95645
79	42	0.26188
79	65	0.071019
79	111	0.60069
79	112	0.033884
79	136	0.53701
79	143	0.22308
79	167	0.67509
79	187	0.018984
79	215	0.84617
79	245	0.21619
79	249	0.76276
79	285	0.23722
79	289	0.072019
79	309	0.43023
79	318	0.59138
79	379	0.97091
79	398	0.68261
79	407	0.39988
79	449	0.054482
79	464	0.63811
79	469	0.09342
79	473	0.31788
79	482	0.60659
79	498	0.40105
79	499	0.9347
79	544	0.96287
79	563	0.48512
79	568	0.96233
79	657	0.072595
79	685	0.19417
79	788	0.0016398
79	795	0.87411
79	802	0.86035
79	818	0.020481
79	838	0.0073882
79	841	0.32593
79	852	0.80274
79	863	0.53157
79	908	0.95896
79	942	0.10826
79	991	0.82099
80	11	0.69799
80	17	0.95962
80	18	0.0518
80	19	0.71086
80	26	0.86807
80	57	0.74198
80	85	0.96741
80	96	0.94136
80	115	0.17224
80	124	0.71092
80	130	0.58842
80	142	0.36998
80	153	0.50468
80	156	0.8323
80	161	0.22022
80	167	0.9569
80	176	0.64025
80	179	0.57611
80	189	0.44402
80	216	0.59961
80	220	0.30793
80	224	0.87035
80	254	0.33447
80	260	0.31176
80	286	0.75896
80	289	0.25914
80	292	0.13052
80	299	0.57799
80	315	0.13329
80	331	0.53112
80	363	0.54197
80	364	0.26621
80	368	0.5862
80	375	0.23477
80	390	0.28105
80	392	0.566
80	406	0.45036
80	426	0.84455
80	450	0.036921
80	479	0.19558
80	538	0.021331
80	567	0.56263
80	606	0.053837
80	620	0.3362
80	621	0.45848
80	681	0.8752
80	685	0.68959
80	686	0.23177
80	714	0.48869
80	720	0.65688
80	723	0.20661
80	730	0.97867
80	763	0.92135
80	773	0.11608
80	783	0.93881
80	798	0.41335
80	821	0.23697
80	826	0.026387
80	827	0.61009
80	834	0.91698
80	874	0.64595
80	898	0.62676
80	923	0.22025
80	925	0.55231
80	961	0.46991
80	967	0.58515
80	977	0.52709
80	978	0.74524
80	996	0.61845
81	4	0.10112
81	10	0.7045
81	43	0.86518
81	50	0.01039
81	54	0.67588
81	69	0.17097
81	74	0.5694
81	83	0.75751
81	104	0.15954
81	126	0.49924
81	134	0.069332
81	144	0.12376
81	155	0.6593
81	172	0.485
81	173	0.49715
81	175	0.35918
81	270	0.14902
81	271	0.70056
81	276	0.012999
81	297	0.16979
81	303	0.16613
81	344	0.92594
81	355	0.70832
81	436	0.16022
81	458	0.32117
81	478	0.69076
81	507	0.45198
81	539	0.024832
81	558	0.33943
81	565	0.78341
81	578	0.4139
81	585	0.7435
81	588	0.42737
81	592	0.68461
81	608	0.9054
81	627	0.77707
81	629	0.46166
81	634	0.43905
81	638	0.0046261
81	645	0.85755
81	654	0.43072
81	658	0.7119
81	699	0.36005
81	741	0.78144
81	750	0.60505
81	762	0.54196
81	764	0.61707
81	787	0.13755
81	800	0.6818
81	805	0.4833
81	867	0.73446
81	878	0.37562
81	908	0.49571
81	951	0.72432
81	965	0.98763
81	968	0.83207
81	992	0.99637
81	999	0.97227
82	13	0.71976
82	31	0.98585
82	51	0.97292
82	54	0.086853
82	56	0.07321
82	69	0.47083
82	76	0.67023
82	78	0.11565
82	106	0.027406
82	152	0.18228
82	181	0.83943
82	183	0.17499
82	189	0.33116
82	195	0.3979
82	206	0.66755
82	207	0.42854
82	208	0.59301
82	220	0.19454
82	223	0.37375
82	240	0.39281
82	241	0.51031
82	242	0.81995
82	289	0.086438
82	320	0.20487
82	341	0.75892
82	347	0.8766
82	354	0.88702
82	370	0.94524
82	388	0.80214
82	423	0.87992
82	425	0.14564
82	456	0.97006
82	465	0.42396
82	493	0.16014
82	545	0.15103
82	548	0.5523
82	572	0.18779
82	574	0.29795
82	590	0.73027
82	600	0.96099
82	616	0.63157
82	642	0.21053
82	645	0.13189
82	647	0.036741
82	671	0.35061
82	705	0.18507
82	719	0.026427
82	744	0.66361
82	783	0.49074
82	785	0.83443
82	789	0.060924
82	873	0.33812
82	878	0.4097
82	918	0.31382
82	932	0.56141
82	933	0.45454
82	944	0.75322
82	957	0.69162
82	969	0.71708
82	974	0.48297
82	993	0.46859
83	4	0.26521
83	5	0.66917
83	12	0.54394
83	36	0.31629
83	75	0.84776
83	87	0.39001
83	90	0.21812
83	106	0.087626
83	138	0.12131
83	142	0.27232
83	199	0.83054
83	204	0.66153
83	269	0.94132
83	294	0.9497
83	304	0.43309
83	321	0.51503
83	336	0.057276
83	357	0.87015
83	359	0.32185
83	361	0.49411
83	365	0.60206
83	439	0.59597
83	516	0.30326
83	538	0.71653
83	551	0.77821
83	572	0.98989
83	594	0.48521
83	598	0.53267
83	640	0.67947
83	641	0.0835
83	666	0.10814
83	671	0.4258
83	676	0.316
83	677	0.8586
83	681	0.5201
83	699	0.60143
83	712	0.20392
83	739	0.76166
83	754	0.25711
83	762	0.68771
83	765	0.6333
83	771	0.53817
83	799	0.73658
83	802	0.92045
83	805	0.89873
83	811	0.70078
83	837	0.73282
83	853	0.7205
83	865	0.66506
83	869	0.32365
83	911	0.51436
84	29	0.35772
84	69	0.21189
84	80	0.88926
84	136	0.044643
84	170	0.32284
84	178	0.14681
84	185	0.60192
84	229	0.92408
84	234	0.40675
84	240	0.97052
84	242	0.41694
84	277	0.95662
84	304	0.45391
84	305	0.078839
84	314	0.72036
84	350	0.19765
84	398	0.73688
84	416	0.59893
84	430	0.12929
84	433	0.090966
84	447	0.67202
84	459	0.43013
84	487	0.25601
84	514	0.39553
84	521	0.30948
84	526	0.33756
84	562	0.52024
84	563	0.22987
84	598	0.99573
84	635	0.060946
84	654	0.35377
84	681	0.28268
84	710	0.43508
84	743	0.35112
84	754	0.8263
84	768	0.5019
84	777	0.34411
84	855	0.8925
84	891	0.49064
84	909	0.96942
84	970	0.71223
84	978	0.88167
84	994	0.58697
84	995	0.41573
85	52	0.8408
85	68	0.27569
85	82	0.040989
85	88	0.44846
85	94	0.97254
85	103	0.71676
85	104	0.49156
85	109	0.54472
85	155	0.28821
85	157	0.16585
85	158	0.65668
85	168	0.50653
85	195	0.95452
85	234	0.63028
85	239	0.88359
85	261	0.84799
85	266	0.35275
85	315	0.75718
85	325	0.42431
85	333	0.89093
85	337	0.22569
85	364	0.57552
85	376	0.13799
85	389	0.10049
85	395	0.44104
85	423	0.67999
85	436	0.41026
85	450	0.32439
85	456	0.97617
85	462	0.6688
85	470	0.25226
85	475	0.66807
85	477	0.2041
85	488	0.43844
85	505	0.84488
85	516	0.0078904
85	573	0.59374
85	605	0.93825
85	615	0.28698
85	668	0.83047
85	711	0.13675
85	722	0.79451
85	723	0.16136
85	730	0.034232
85	747	0.25499
85	766	0.75883
85	772	0.91615
85	776	0.29971
85	781	0.020637
85	793	0.68572
85	800	0.97559
85	849	0.25306
85	866	0.37511
85	894	0.7581
85	917	0.38587
85	935	0.36083
85	936	0.79037
85	957	0.75924
85	967	0.069945
85	968	0.29194
85	975	0.84672
85	981	0.023942
85	983	0.75096
85	995	0.64714
86	3	0.043727
86	7	0.050476
86	28	0.662
86	51	0.86358
86	65	0.49145
86	71	0.42677
86	77	0.79231
86	80	0.39066
86	81	0.47588
86	91	0.16637
86	106	0.55681
86	116	0.05068
86	126	0.68132
86	138	0.94212
86	164	0.66232
86	179	0.11524
86	196	0.15457
86	206	0.29363
86	217	0.92678
86	237	0.80804
86	258	0.57522
86	271	0.56359
86	283	0.55292
86	287	0.93984
86	318	0.6585
86	334	0.32314
86	349	0.036217
86	369	0.9721
86	387	0.464
86	389	0.59104
86	410	0.72064
86	435	0.011712
86	436	0.83027
86	437	0.62743
86	468	0.99684
86	499	0.055589
86	513	0.32226
86	515	0.98508
86	534	0.77903
86	558	0.72082
86	568	0.73603
86	573	0.10736
86	580	0.87534
86	602	0.8676
86	636	0.061331
86	643	0.77529
86	648	0.10088
86	668	0.7712
86	670	0.78092
86	672	0.033249
86	679	0.40341
86	680	0.19589
86	697	0.59668
86	709	0.65617
86	761	0.5006
86	767	0.25543
86	785	0.23067
86	795	0.24907
86	821	0.42641
86	831	0.29882
86	845	0.078885
86	913	0.19871
86	971	0.1765
87	199	0.66974
87	228	0.14028
87	337	0.46079
87	440	0.022737
87	665	0.36486
87	702	0.33307
87	726	0.92714
87	955	0.3182
87	975	0.63457
88	1	0.81261
88	8	0.8283
88	9	0.98233
88	11	0.31087
88	37	0.22965
88	47	0.49144
88	62	0.70553
88	63	0.42476
88	67	0.14232
88	85	0.53219
88	135	0.91765
88	139	0.10844
88	164	0.22739
88	165	0.9119
88	206	0.027003
88	231	0.69847
88	234	0.17115
88	262	0.5842
88	265	0.86412
88	279	0.8322
88	286	0.37622
88	287	0.62113
88	301	0.29596
88	302	0.48112
88	341	0.51741
88	347	0.15943
88	366	0.48707
88	374	0.8419
88	382	0.66368
88	397	0.39539
88	426	0.13528
88	437	0.39961
88	450	0.21114
88	456	0.31725
88	459	0.8331
88	485	0.54232
88	567	0.15969
88	571	0.13315
88	574	0.75503
88	579	0.63537
88	583	0.69914
88	634	0.97294
88	670	0.41347
88	685	0.23483
88	716	0.16075
88	733	0.13687
88	742	0.12764
88	745	0.60407
88	755	0.9652
88	772	0.17711
88	775	0.057134
88	778	0.69908
88	783	0.11464
88	787	0.26436
88	791	0.014905
88	810	0.084154
88	812	0.3842
88	860	0.88497
88	865	0.93325
88	872	0.18587
88	873	0.50259
88	877	0.13389
88	883	0.33939
88	900	0.58326
88	920	0.21246
88	925	0.36341
88	953	0.80948
88	955	0.037256
88	962	0.97476
88	965	0.82346
88	974	0.30148
88	975	0.57526
88	983	0.49084
89	10	0.67365
89	15	0.88048
89	54	0.55887
89	63	0.75271
89	103	0.19675
89	127	0.95636
89	143	0.021462
89	148	0.085986
89	171	0.56301
89	223	0.028121
89	231	0.58757
89	293	0.87227
89	295	0.89992
89	300	0.59995
89	325	0.90771
89	339	0.73877
89	380	0.68873
89	414	0.75525
89	433	0.78947
89	461	0.81229
89	479	0.65494
89	541	0.55382
89	559	0.51222
89	615	0.52913
89	635	0.0010474
89	677	0.31748
89	681	0.37876
89	685	0.88245
89	687	0.96337
89	701	0.25576
89	713	0.90613
89	744	0.37231
89	766	0.39959
89	793	0.89775
89	811	0.93763
89	857	0.91454
89	881	0.18246
89	885	0.14586
89	886	0.85922
89	891	0.43535
89	932	0.97417
90	11	0.067862
90	18	0.11501
90	29	0.04193
90	31	0.28611
90	32	0.23208
90	53	0.9174
90	63	0.37464
90	84	0.62446
90	93	0.49062
90	97	0.71225
90	111	0.95248
90	122	0.19106
90	146	0.58913
90	161	0.74527
90	165	0.3197
90	183	0.7304
90	192	0.63082
90	217	0.90057
90	221	0.41532
90	237	0.28646
90	238	0.943
90	245	0.3272
90	270	0.99722
90	279	0.97233
90	281	0.75712
90	301	0.15618
90	309	0.81237
90	321	0.97823
90	351	0.4008
90	403	0.11045
90	404	0.55069
90	416	0.63754
90	422	0.79106
90	461	0.05839
90	470	0.36828
90	499	0.88449
90	502	0.69105
90	509	0.56905
90	528	0.93944
90	535	0.30617
90	536	0.79917
90	540	0.3921
90	555	0.94508
90	560	0.2579
90	563	0.56862
90	583	0.87385
90	601	0.68115
90	610	0.2494
90	611	0.58866
90	618	0.37471
90	631	0.99136
90	645	0.71278
90	648	0.058561
90	649	0.44797
90	650	0.74964
90	653	0.095583
90	659	0.2882
90	666	0.45271
90	673	0.87618
90	680	0.84151
90	684	0.57595
90	693	0.78077
90	698	0.62303
90	712	0.34267
90	744	0.055954
90	766	0.76907
90	768	0.37812
90	770	0.10163
90	782	0.61669
90	813	0.24754
90	824	0.98218
90	829	0.91081
90	879	0.46224
90	896	0.09677
90	912	0.80918
90	921	0.51445
90	932	0.80683
90	933	0.026133
90	936	0.65535
90	941	0.34952
90	944	0.89672
90	958	0.85127
90	960	0.14647
90	970	0.25177
90	983	0.78563
91	11	0.39392
91	30	0.54941
91	39	0.49197
91	51	0.57765
91	54	0.47999
91	55	0.12753
91	63	0.8156
91	109	0.030994
91	116	0.23744
91	169	0.24924
91	189	0.89713
91	253	0.49925
91	258	0.3528
91	280	0.91876
91	283	0.49229
91	295	0.50099
91	305	0.48855
91	339	0.6814
91	373	0.22904
91	384	0.59024
91	391	0.52967
91	440	0.54887
91	488	0.51422
91	497	0.62072
91	515	0.69478
91	529	0.8794
91	551	0.40546
91	562	0.60689
91	599	0.24305
91	607	0.50502
91	658	0.85645
91	680	0.057357
91	681	0.68849
91	699	0.24783
91	736	0.12545
91	743	0.10072
91	748	0.5711
91	779	0.71088
91	870	0.56257
91	871	0.089915
91	887	0.24142
91	895	0.63546
91	898	0.94862
91	930	0.70392
91	945	0.40465
91	1000	0.15206
92	26	0.40248
92	74	0.90511
92	125	0.15101
92	222	0.33317
92	330	0.43854
92	406	0.024385
92	414	0.20587
92	482	0.97986
92	579	0.11192
92	582	0.54382
92	598	0.55862
92	617	0.56528
92	663	0.90466
92	801	0.36489
92	900	0.92653
92	909	0.41719
93	26	0.48257
93	28	0.25389
93	60	0.92978
93	66	0.77041
93	68	0.31878
93	73	0.4973
93	83	0.78535
93	94	0.15064
93	99	0.58885
93	102	0.26436
93	150	0.090868
93	158	0.52239
93	161	0.68979
93	198	0.56175
93	204	0.52286
93	215	0.3076
93	234	0.47659
93	245	0.84494
93	254	0.89627
93	255	0.20767
93	256	0.64246
93	279	0.23963
93	301	0.62323
93	317	0.90002
93	333	0.49841
93	347	0.42694
93	358	0.93742
93	386	0.0087419
93	406	0.67066
93	415	0.63695
93	433	0.29694
93	453	0.27871
93	461	0.17065
93	474	0.60689
93	486	0.92826
93	489	0.8038
93	507	0.31519
93	540	0.25755
93	557	0.26009
93	576	0.4753
93	577	0.44606
93	583	0.8245
93	584	0.49644
93	587	0.54298
93	597	0.19149
93	628	0.64325
93	654	0.55767
93	656	0.24983
93	660	0.22207
93	669	0.76004
93	676	0.0073566
93	699	0.14083
93	705	0.037994
93	709	0.6723
93	710	0.27223
93	721	0.6449
93	728	0.17117
93	733	0.27328
93	748	0.026357
93	762	0.89986
93	777	0.072355
93	778	0.089251
93	792	0.50911
93	812	0.16111
93	814	0.20755
93	816	0.5936
93	833	0.0023553
93	879	0.68567
93	880	0.4442
93	888	0.11241
93	904	0.92911
93	922	0.57482
93	935	0.27306
93	951	0.0061415
93	960	0.34542
93	969	0.81272
94	58	0.38311
94	90	0.078461
94	123	0.046681
94	140	0.23105
94	148	0.77242
94	153	0.78884
94	209	0.6485
94	223	0.74814
94	256	0.70397
94	268	0.34393
94	307	0.80993
94	308	0.24107
94	314	0.54554
94	324	0.40316
94	330	0.52833
94	410	0.9671
94	416	0.48726
94	418	0.10534
94	481	0.4331
94	505	0.92631
94	515	0.94389
94	613	0.075507
94	622	0.79324
94	636	0.65517
94	697	0.91062
94	727	0.88131
94	740	0.16775
94	744	0.73388
94	748	0.19231
94	762	0.52405
94	830	0.45678
94	843	0.96563
94	876	0.58216
94	916	0.96197
94	919	0.68019
94	943	0.40394
94	950	0.12541
94	978	0.46728
95	8	0.91377
95	17	0.94994
95	28	0.63182
95	39	0.20158
95	44	0.85874
95	53	0.72409
95	66	0.035132
95	73	0.4073
95	79	0.61363
95	81	0.44622
95	84	0.63422
95	90	0.25316
95	113	0.14819
95	116	0.0032208
95	123	0.0092426
95	138	0.33638
95	141	0.41503
95	144	0.85768
95	147	0.61964
95	189	0.71972
95	208	0.72877
95	211	0.77159
95	215	0.29339
95	216	0.99321
95	221	0.96895
95	256	0.91653
95	265	0.43548
95	276	0.31922
95	279	0.62043
95	289	0.70195
95	310	0.13535
95	322	0.98305
95	328	0.99405
95	336	0.76246
95	372	0.35296
95	378	0.71501
95	383	0.78193
95	389	0.82705
95	394	0.53768
95	398	0.18397
95	407	0.26914
95	414	0.54358
95	446	0.64972
95	448	0.58504
95	454	0.68594
95	465	0.80772
95	469	0.60186
95	475	0.98575
95	482	0.19902
95	486	0.85959
95	493	0.41603
95	502	0.39084
95	510	0.44006
95	516	0.65823
95	518	0.50645
95	534	0.016078
95	549	0.65369
95	556	0.45966
95	577	0.26866
95	587	0.96219
95	591	0.006825
95	604	0.15702
95	609	0.53294
95	613	0.84997
95	625	0.16917
95	641	0.084816
95	645	0.21197
95	651	0.20766
95	656	0.39593
95	676	0.53058
95	680	0.056224
95	697	0.79284
95	701	0.49652
95	709	0.36692
95	738	0.62123
95	745	0.43906
95	758	0.7011
95	800	0.056217
95	801	0.19201
95	815	0.8973
95	827	0.56
95	830	0.2378
95	841	0.55492
95	863	0.96148
95	867	0.23931
95	872	0.013116
95	908	0.43793
95	913	0.031485
95	924	0.54611
95	932	0.60411
95	934	0.3772
95	935	0.84492
95	960	0.73928
95	971	0.55858
95	974	0.25969
95	992	0.14274
96	437	0.83023
96	497	0.51287
96	576	0.58127
96	962	0.45822
96	965	0.47307
96	980	0.11311
97	13	0.56068
97	30	0.51007
97	35	0.11145
97	80	0.93488
97	89	0.087237
97	111	0.18151
97	127	0.60805
97	201	0.090549
97	211	0.19279
97	222	0.055122
97	302	0.85374
97	319	0.80957
97	345	0.77532
97	354	0.46679
97	376	0.69283
97	381	0.25472
97	387	0.69962
97	389	0.87666
97	437	0.6338
97	443	0.41268
97	444	0.46151
97	477	0.018759
97	522	0.059239
97	581	0.10402
97	584	0.68202
97	604	0.76822
97	615	0.19458
97	618	0.051859
97	627	0.56473
97	671	0.58936
97	686	0.92991
97	708	0.092873
97	771	0.2358
97	848	0.90967
97	864	0.98723
97	876	0.65587
97	885	0.42735
97	953	0.84657
97	996	0.37382
98	56	0.20726
98	89	0.14569
98	103	0.80325
98	126	0.46598
98	136	0.958
98	162	0.907
98	192	0.33209
98	275	0.46684
98	311	0.90845
98	319	0.20163
98	354	0.69326
98	377	0.31511
98	429	0.72066
98	449	0.37422
98	464	0.73698
98	496	0.064525
98	658	0.6614
98	686	0.45159
98	689	0.52439
98	713	0.82628
98	775	0.9819
98	825	0.49361
98	829	0.61568
98	853	0.39138
98	868	0.43296
98	914	0.32231
98	938	0.66167
99	3	0.043113
99	16	0.30845
99	21	0.72992
99	44	0.43082
99	46	0.74305
99	76	0.1342
99	112	0.99674
99	154	0.55006
99	159	0.73271
99	179	0.50686
99	185	0.5748
99	190	0.063246
99	215	0.91952
99	230	0.66097
99	245	0.21263
99	250	0.67093
99	260	0.78953
99	268	0.085009
99	287	0.52169
99	298	0.61518
99	316	0.73514
99	331	0.57538
99	343	0.12194
99	344	0.33862
99	347	0.5433
99	353	0.37633
99	358	0.69183
99	371	0.95293
99	393	0.99263
99	430	0.75897
99	479	0.5546
99	498	0.09298
99	511	0.94808
99	512	0.66367
99	518	0.84045
99	522	0.97313
99	538	0.17342
99	548	0.91991
99	558	0.83527
99	595	0.28574
99	601	0.50685
99	615	0.67643
99	618	0.24695
99	623	0.70572
99	646	0.12841
99	667	0.075309
99	692	0.53843
99	694	0.6781
99	709	0.69572
99	820	0.090347
99	838	0.33746
99	842	0.8164
99	846	0.60919
99	853	0.20212
99	878	0.93098
99	884	0.16112
99	888	0.33174
99	890	0.00035252
99	893	0.95169
99	908	0.49302
99	917	0.97809
99	931	0.54537
99	936	0.65267
99	938	0.28356
99	974	0.85866
99	989	0.11266
99	994	0.69481
100	9	0.69252
100	46	0.92554
100	49	0.28168
100	51	0.57282
100	65	0.39361
100	70	0.45486
100	88	0.88638
100	109	0.87301
100	266	0.92783
100	284	0.35623
100	288	0.85701
100	318	0.056912
100	360	0.07365
100	367	0.87032
100	368	0.86593
100	434	0.64282
100	444	0.64558
100	455	0.35137
100	461	0.066698
100	515	0.32248
100	570	0.96001
100	585	0.81515
100	600	0.47588
100	645	0.97376
100	662	0.22173
100	664	0.20475
100	685	0.13923
100	698	0.59373
100	708	0.27906
100	711	0.5597
100	718	0.62793
100	758	0.52217
100	829	0.86701
100	832	0.55174
100	842	0.98578
100	860	0.76302
100	868	0.72594
100	871	0.92277
100	891	0.87336
100	965	0.21703
100	966	0.66927
100	992	0.069567
